#Res        B-factors
   1.000     118.3449
   2.000      66.0130
   3.000      55.7552
   4.000      51.2862
   5.000      56.8954
   6.000      58.1760
   7.000      59.5908
   8.000      69.6597
   9.000      73.6067
  10.000      87.8682
  11.000      93.1810
  12.000     103.1042
  13.000     135.3392
  14.000     136.4664
  15.000     115.3484
  16.000     135.3270
  17.000     168.6004
  18.000     182.7695
  19.000     206.2083
  20.000     181.3282
  21.000     161.1447
  22.000     104.7779
  23.000      83.7853
  24.000      86.7516
  25.000     109.0750
  26.000     127.9470
  27.000     162.8612
  28.000     166.3722
  29.000     154.1635
  30.000     128.1723
  31.000     121.2904
  32.000     105.1617
  33.000     103.7177
  34.000      89.7800
  35.000     105.7296
  36.000     143.9732
  37.000     205.0485
  38.000     330.3148
  39.000     465.7167
  40.000     720.1938
  41.000     980.5364
  42.000    1223.7306
  43.000    1698.8238
  44.000    2016.3506
  45.000    2410.6302
  46.000    2256.9234
  47.000    1808.9281
  48.000    1425.0098
  49.000    1163.6490
  50.000    1074.3826
  51.000     660.0719
  52.000     832.9821
  53.000     615.1780
  54.000     451.7469
  55.000     321.0782
  56.000     266.7662
  57.000     259.9798
  58.000     202.7844
  59.000     160.5049
  60.000     145.4597
  61.000     144.2603
  62.000     114.7436
  63.000     110.9544
  64.000      93.4107
  65.000      92.5270
  66.000      86.8657
  67.000      95.3480
  68.000      97.0177
  69.000      98.4051
  70.000      96.5608
  71.000     107.2318
  72.000     110.0863
  73.000     135.9707
  74.000     132.2110
  75.000     139.3378
  76.000     132.9243
  77.000     155.5791
  78.000     146.1557
  79.000     116.7243
  80.000     131.0239
  81.000     154.1151
  82.000     135.3124
  83.000     112.7827
  84.000     126.1603
  85.000     161.4043
  86.000     168.2074
  87.000     151.2648
  88.000     176.0795
  89.000     198.2299
  90.000     172.3189
  91.000     163.0813
  92.000     199.4522
  93.000     198.1804
  94.000     169.7398
  95.000     133.6468
  96.000     100.5477
  97.000      81.4630
  98.000      60.6800
  99.000      52.7778
 100.000      38.1398
 101.000      30.9336
 102.000      19.2063
 103.000      16.2756
 104.000      19.0348
 105.000      27.1194
 106.000      39.5172
 107.000      38.4340
 108.000      52.2583
 109.000      47.1561
 110.000      56.7000
 111.000      70.6635
 112.000      76.0028
 113.000      84.6766
 114.000      96.6605
 115.000     102.4819
 116.000     141.0328
 117.000     204.5585
 118.000     194.5852
 119.000     154.0682
 120.000     147.7516
 121.000     119.2217
 122.000     108.5341
 123.000     115.1579
 124.000     149.1702
 125.000     160.9198
 126.000     156.0601
 127.000     183.5626
 128.000     217.6566
 129.000     222.9225
 130.000     225.2785
 131.000     273.5264
 132.000     296.4581
 133.000     281.5217
 134.000     310.8842
 135.000     378.4236
 136.000     386.8958
 137.000     375.7866
 138.000     416.0661
 139.000     452.8694
 140.000     428.2541
 141.000     377.4654
 142.000     356.3488
 143.000     315.2573
 144.000     279.1626
 145.000     245.6453
 146.000     212.7334
 147.000     182.6526
 148.000     151.1899
 149.000     128.2232
 150.000      99.2146
 151.000      79.0773
 152.000      62.7035
 153.000      64.8921
 154.000      68.5064
 155.000      69.2783
 156.000      81.5794
 157.000      93.1137
 158.000     113.1625
 159.000     139.9021
 160.000     148.3785
 161.000     187.6265
 162.000     210.4024
 163.000     186.1497
 164.000     174.9188
 165.000     166.8676
 166.000     144.2965
 167.000     134.8376
 168.000     133.0300
 169.000     114.5849
 170.000     121.2770
 171.000     131.5264
 172.000     159.5681
 173.000     183.2170
 174.000     187.3772
 175.000     148.5919
 176.000     116.5015
 177.000     107.3516
 178.000     125.1586
 179.000     135.9308
 180.000     162.5370
 181.000     193.3665
 182.000     183.2346
 183.000     191.8534
 184.000     215.7041
 185.000     232.8354
 186.000     268.0074
 187.000     287.7530
 188.000     342.8459
 189.000     321.2487
 190.000     293.4105
 191.000     290.1871
 192.000     257.8037
 193.000     213.2532
 194.000     209.0078
 195.000     220.3926
 196.000     196.0314
 197.000     162.4046
 198.000     166.0450
 199.000     180.0009
 200.000     145.4215
 201.000     118.9666
 202.000     138.2931
 203.000     137.0346
 204.000     105.8571
 205.000      99.0516
 206.000      95.4071
 207.000     110.9155
 208.000     118.5706
 209.000     134.0558
 210.000     168.1204
 211.000     178.5204
 212.000     159.2398
 213.000     193.3871
 214.000     180.5566
 215.000     119.2839
 216.000      49.2744
 217.000      42.8896
 218.000      45.4055
 219.000      44.7823
 220.000      59.2323
 221.000      74.6531
 222.000      93.5364
 223.000     115.5690
 224.000     141.4194
 225.000     174.6913
 226.000     196.3417
 227.000     236.9252
 228.000     271.6646
 229.000     325.2474
 230.000     387.9128
 231.000     494.9713
 232.000     800.7332
 233.000    1112.6884
 234.000     893.4082
 235.000     840.1837
 236.000     580.5345
 237.000     425.6391
 238.000     339.2366
 239.000     286.6509
 240.000     233.2926
 241.000     189.0346
 242.000     153.9066
 243.000     120.1115
 244.000     103.4525
 245.000      78.1436
 246.000      68.6650
 247.000      49.6288
 248.000      41.4115
 249.000      26.4239
 250.000      22.3714
 251.000      17.2459
 252.000      12.5344
 253.000      24.0413
 254.000      54.0898
 255.000      73.7363
 256.000      80.2468
 257.000      79.8307
 258.000     105.6205
 259.000     153.8605
 260.000     167.1089
 261.000     201.5682
 262.000     175.4043
 263.000     109.1693
 264.000      77.9925
 265.000      63.3954
 266.000      62.8107
 267.000      50.1201
 268.000      35.0458
 269.000      35.1451
 270.000      35.0984
 271.000      21.8284
 272.000      14.6131
 273.000      18.3912
 274.000      16.8333
 275.000       8.8298
 276.000       8.1195
 277.000      11.3267
 278.000       9.5542
 279.000       6.0373
 280.000       8.9984
 281.000      12.5605
 282.000      12.2748
 283.000      12.9336
 284.000      18.1576
 285.000      24.7534
 286.000      30.4370
 287.000      38.2170
 288.000      65.8314
 289.000      73.4873
 290.000      51.9513
 291.000      62.9296
 292.000      73.8212
 293.000      58.5007
 294.000      49.5118
 295.000      36.5285
 296.000      33.1476
 297.000      35.9840
 298.000      46.0238
 299.000      37.9356
 300.000      38.1637
 301.000      50.8785
 302.000      42.0550
 303.000      36.0118
 304.000      50.8664
 305.000      60.5374
 306.000      52.7755
 307.000      56.3809
 308.000      69.2538
 309.000      66.0658
 310.000      57.2964
 311.000      81.7645
 312.000     108.0359
 313.000     116.2057
 314.000      82.6060
 315.000      74.3231
 316.000      57.1315
 317.000      50.4430
 318.000      40.2532
 319.000      37.4894
 320.000      32.1810
 321.000      32.9117
 322.000      37.9874
 323.000      45.3091
 324.000      69.6815
 325.000      68.8973
 326.000      64.5766
 327.000      53.3104
 328.000      37.3236
 329.000      44.3725
 330.000      36.5395
 331.000      23.4231
 332.000      26.0630
 333.000      30.3131
 334.000      20.0605
 335.000      17.2770
 336.000      27.6913
 337.000      25.7807
 338.000      16.8010
 339.000      25.8107
 340.000      35.0459
 341.000      26.9775
 342.000      26.8527
 343.000      50.3040
 344.000      67.1587
 345.000      98.9138
 346.000     749.4803
 347.000     609.9404
 348.000     527.6764
 349.000     454.5139
 350.000     388.2566
 351.000     365.1473
 352.000     310.4136
 353.000     298.0340
 354.000     258.0633
 355.000     255.0097
 356.000     285.2411
 357.000     324.4924
 358.000     331.7938
 359.000     354.6596
 360.000     414.3851
 361.000     436.1897
 362.000     432.3671
 363.000     479.5160
 364.000     542.5568
 365.000     550.7610
 366.000     565.1577
 367.000     652.8760
 368.000     710.7948
 369.000     696.8674
 370.000     757.1193
 371.000     850.9791
 372.000     878.5271
 373.000     903.8909
 374.000     958.7399
 375.000     900.2757
 376.000     891.7326
 377.000     859.2041
 378.000     876.7258
 379.000     837.7544
 380.000     904.9740
 381.000     931.8010
 382.000     968.4079
 383.000     904.5472
 384.000     864.1200
 385.000     839.5457
 386.000     782.3961
 387.000     740.5845
 388.000     676.7627
 389.000     604.0170
 390.000     570.5714
 391.000     606.8140
 392.000     619.3600
 393.000     687.9723
 394.000     741.1853
 395.000     859.0761
 396.000     954.9308
 397.000     925.0628
 398.000     836.4957
 399.000     716.7749
 400.000     609.0458
 401.000     539.9684
 402.000     464.7945
 403.000     412.8161
 404.000     346.8581
 405.000     321.6596
 406.000     270.1973
 407.000     244.2581
 408.000     216.8449
 409.000     264.5841
 410.000     325.7285
 411.000     375.8692
 412.000     393.2617
 413.000     407.7441
 414.000     489.8790
 415.000     528.9126
 416.000     525.1128
 417.000     551.8056
 418.000     620.9659
 419.000     671.5309
 420.000     751.0348
 421.000     691.8518
 422.000     639.9263
 423.000     673.4094
 424.000     634.7312
 425.000     550.4823
 426.000     505.8866
 427.000     471.2502
 428.000     407.8585
 429.000     383.4406
 430.000     358.5868
 431.000     300.0576
 432.000     275.8415
 433.000     243.0529
 434.000     247.0867
 435.000     200.6420
 436.000     179.0547
 437.000     157.2866
 438.000     153.2365
 439.000     148.6067
 440.000     120.8077
 441.000     108.9086
 442.000      91.5124
 443.000     107.4999
 444.000     126.9271
 445.000     110.8726
 446.000      98.6776
 447.000     108.7766
 448.000     121.1086
 449.000     127.9148
 450.000     125.1705
 451.000     152.5336
 452.000     170.3068
 453.000     167.0949
 454.000     189.3867
 455.000     227.7425
 456.000     235.9924
 457.000     236.6687
 458.000     271.7616
 459.000     307.9089
 460.000     306.7210
 461.000     320.4166
 462.000     370.2413
 463.000     397.7414
 464.000     393.1496
 465.000     430.8055
 466.000     490.8663
 467.000     505.2340
 468.000     558.4723
 469.000     484.3529
 470.000     446.5263
 471.000     438.4644
 472.000     381.0621
 473.000     339.1956
 474.000     335.3178
 475.000     290.4756
 476.000     288.3276
 477.000     254.3235
 478.000     248.1150
 479.000     213.5099
 480.000     210.4668
 481.000     209.3159
 482.000     165.8561
 483.000     184.3492
 484.000     191.2351
 485.000     175.5998
 486.000     139.3797
 487.000     150.3965
 488.000     168.0327
 489.000     142.6120
 490.000     133.1660
 491.000     164.5151
 492.000     178.1854
 493.000     156.6037
 494.000     172.1374
 495.000     211.9854
 496.000     209.6669
 497.000     212.3459
 498.000     237.7324
 499.000     277.8013
 500.000     272.9970
 501.000     323.7986
 502.000     329.9537
 503.000     328.4023
 504.000     301.4106
 505.000     304.1159
 506.000     290.5602
 507.000     304.0068
 508.000     269.2536
 509.000     278.7006
 510.000     247.6066
 511.000     234.4594
 512.000     293.0033
 513.000     324.2979
 514.000     396.7614
 515.000     360.1429
 516.000     245.3597
 517.000     202.4348
 518.000     175.4096
 519.000     144.4861
 520.000     124.2339
 521.000     145.4784
 522.000     126.7449
 523.000      96.7553
 524.000     110.7642
 525.000     131.6461
 526.000     113.0622
 527.000      98.7335
 528.000     124.9055
 529.000     142.3995
 530.000     125.4258
 531.000     130.1409
 532.000     168.3106
 533.000     182.8067
 534.000     173.8176
 535.000     203.9124
 536.000     244.9600
 537.000     299.3313
 538.000     315.1917
 539.000     301.0657
 540.000     323.5332
 541.000     328.8996
 542.000     356.5620
 543.000     395.7174
 544.000     405.0819
 545.000     428.4060
 546.000     467.3223
 547.000     504.2666
 548.000     532.1952
 549.000     583.4967
 550.000     648.8365
 551.000     697.7210
 552.000     732.9156
 553.000     789.5605
 554.000     862.9941
 555.000     885.6467
 556.000     926.0364
 557.000     826.2288
 558.000     780.9559
 559.000     684.9170
 560.000     630.4641
 561.000     596.4120
 562.000     516.6089
 563.000     569.4757
 564.000     609.6170
 565.000     535.9444
 566.000     515.3862
 567.000     590.3964
 568.000     592.2446
 569.000     522.1378
 570.000     550.6995
 571.000     624.8397
 572.000     590.1396
 573.000     546.6321
 574.000     607.9089
 575.000     656.5255
 576.000     605.9340
 577.000     602.1587
 578.000     689.3059
 579.000     696.3801
 580.000     656.2148
 581.000     732.3897
 582.000     832.7647
 583.000     926.8693
 584.000     925.6449
 585.000     900.9529
 586.000     775.4195
 587.000     667.7664
 588.000     666.8405
 589.000     566.1043
 590.000     489.5372
 591.000     493.7792
 592.000     575.0170
 593.000     542.7739
 594.000     469.8141
 595.000     520.6234
 596.000     570.1604
 597.000     504.0895
 598.000     461.3214
 599.000     515.5220
 600.000     449.5088
 601.000     345.9246
 602.000     312.9874
 603.000     345.5176
 604.000     313.7609
 605.000     335.8168
 606.000     419.6016
 607.000     515.3353
 608.000     566.2565
 609.000     629.6783
 610.000     728.9528
 611.000     845.7241
 612.000     926.9101
 613.000     904.3293
 614.000     977.1120
 615.000    1021.4048
 616.000    1088.7920
 617.000    1198.8571
 618.000    1302.4335
 619.000    1539.2442
 620.000    1685.8939
 621.000    1497.6311
 622.000    1439.4320
 623.000    1353.9475
 624.000    1254.3844
 625.000    1267.7092
 626.000    1197.8948
 627.000    1171.7373
 628.000    1126.5515
 629.000    1022.2297
 630.000     954.1812
 631.000     940.0970
 632.000     881.1688
 633.000     795.5586
 634.000     819.3692
 635.000     800.2454
 636.000     729.7021
 637.000     669.2846
 638.000     647.0507
 639.000     563.7441
 640.000     490.8686
 641.000     462.7401
 642.000     486.8186
 643.000     550.2707
 644.000     623.5125
 645.000     706.8885
 646.000     745.6230
 647.000     681.8300
 648.000     660.2079
 649.000     676.3150
 650.000     687.5075
 651.000     629.3304
 652.000     624.4176
 653.000     681.3148
 654.000     718.1582
 655.000     796.8104
 656.000     828.9442
 657.000     930.9107
 658.000    1007.3673
 659.000    1136.3141
 660.000    1241.1783
 661.000    1228.4912
 662.000    1275.6658
 663.000    1255.3023
 664.000    1331.9583
 665.000    1288.4249
 666.000    1174.6828
 667.000    1195.1505
 668.000    1234.8638
 669.000    1144.6534
 670.000    1076.2081
 671.000    1139.5987
 672.000    1140.9037
 673.000    1076.0675
 674.000    1111.7343
 675.000    1214.1501
 676.000    1106.1210
 677.000    1081.0534
 678.000     955.7112
 679.000     925.1852
 680.000     869.0095
 681.000     833.6041
 682.000     785.0067
 683.000     867.5645
 684.000     824.4321
 685.000     812.2983
 686.000     881.2535
 687.000     958.4745
 688.000     900.8579
 689.000     845.1568
 690.000     825.3550
 691.000     893.5647
 692.000     918.7058
 693.000     971.6641
 694.000     990.2447
 695.000    1121.2700
 696.000    1133.5822
 697.000    1119.2368
 698.000    1015.1563
 699.000     950.8805
 700.000     931.1365
 701.000     900.5964
 702.000    1026.2387
 703.000    1059.6642
 704.000     932.1341
 705.000     896.6993
 706.000     934.5840
 707.000    1048.3198
 708.000    1126.1886
 709.000    1146.2774
 710.000    1223.9223
 711.000    1123.2639
 712.000     990.4935
 713.000     873.0379
 714.000     765.1959
 715.000     695.3375
 716.000     630.9131
 717.000     592.0141
 718.000     539.4109
 719.000     527.8966
 720.000     512.2092
 721.000     490.0246
 722.000     407.9864
 723.000     364.0696
 724.000     356.3912
 725.000     320.0183
 726.000     271.2716
 727.000     263.0652
 728.000     260.8024
 729.000     209.8627
 730.000     174.1662
 731.000     186.1686
 732.000     173.1191
 733.000     126.8789
 734.000     115.3316
 735.000     121.8199
 736.000      88.1216
 737.000      62.9012
 738.000      58.7219
 739.000      50.5317
 740.000      40.4293
 741.000      51.0818
 742.000      54.7086
 743.000      40.1227
 744.000      37.6538
 745.000      52.4359
 746.000      47.9953
 747.000      34.1624
 748.000      46.2222
 749.000      59.4168
 750.000      53.2331
 751.000      38.8066
 752.000      27.0233
 753.000      23.7727
 754.000      33.7801
 755.000      44.8224
 756.000      59.8418
 757.000      73.5107
 758.000      81.8276
 759.000      94.0301
 760.000     108.7281
 761.000     124.9088
 762.000     150.7807
 763.000     172.6676
 764.000     192.5696
 765.000     223.0902
 766.000     251.4001
 767.000     283.8782
 768.000     323.5122
 769.000     353.2988
 770.000     394.9637
 771.000     435.4377
 772.000     459.5628
 773.000     504.1213
 774.000     599.4156
 775.000     709.8926
 776.000     267.2818
 777.000     285.5931
 778.000     295.1723
 779.000     300.7952
 780.000     303.4963
 781.000     331.9289
 782.000     333.2571
 783.000     365.6663
 784.000     359.6853
 785.000     397.8605
 786.000     441.8839
 787.000     412.8452
 788.000     387.1470
 789.000     438.3269
 790.000     469.4470
 791.000     433.9959
 792.000     426.8827
 793.000     489.5612
 794.000     503.7501
 795.000     465.6244
 796.000     494.9468
 797.000     557.6566
 798.000     546.0361
 799.000     519.0753
 800.000     572.9137
 801.000     628.4964
 802.000     590.1353
 803.000     589.0096
 804.000     679.3520
 805.000     695.8477
 806.000     754.3198
 807.000     771.1967
 808.000     787.2040
 809.000     734.0741
 810.000     767.3966
 811.000     765.0182
 812.000     829.2845
 813.000     787.7644
 814.000     809.3623
 815.000     716.4844
 816.000     669.4957
 817.000     576.1335
 818.000     565.2667
 819.000     569.1244
 820.000     547.8130
 821.000     485.8715
 822.000     496.3699
 823.000     441.2429
 824.000     382.7956
 825.000     410.8690
 826.000     471.0662
 827.000     515.4255
 828.000     600.8353
 829.000     714.7096
 830.000     853.2046
 831.000     921.8623
 832.000     841.3363
 833.000     735.1174
 834.000     645.1232
 835.000     574.2023
 836.000     510.5129
 837.000     434.1847
 838.000     433.2825
 839.000     413.7498
 840.000     439.4824
 841.000     431.0354
 842.000     466.2930
 843.000     510.0390
 844.000     587.4240
 845.000     661.7652
 846.000     686.2230
 847.000     614.7736
 848.000     615.5036
 849.000     675.4665
 850.000     664.3536
 851.000     633.9095
 852.000     712.1991
 853.000     789.7674
 854.000     804.8344
 855.000     823.3017
 856.000     708.3346
 857.000     671.1841
 858.000     694.6045
 859.000     645.1956
 860.000     607.7186
 861.000     609.9807
 862.000     637.7877
 863.000     532.7005
 864.000     471.5247
 865.000     514.2903
 866.000     492.0735
 867.000     517.5090
 868.000     565.5971
 869.000     697.0707
 870.000     766.9925
 871.000     722.2614
 872.000     591.1713
 873.000     479.2829
 874.000     453.8851
 875.000     441.4111
 876.000     355.8415
 877.000     346.3536
 878.000     409.1916
 879.000     371.4379
 880.000     319.9794
 881.000     357.3225
 882.000     430.6089
 883.000     449.6497
 884.000     416.7434
 885.000     428.0859
 886.000     476.8358
 887.000     462.4230
 888.000     397.7190
 889.000     377.2372
 890.000     423.8091
 891.000     392.7082
 892.000     336.8766
 893.000     370.4153
 894.000     388.1878
 895.000     334.5875
 896.000     322.0574
 897.000     370.4694
 898.000     364.4798
 899.000     311.9785
 900.000     331.9997
 901.000     372.3264
 902.000     336.1152
 903.000     323.7784
 904.000     281.1374
 905.000     248.4066
 906.000     218.1932
 907.000     219.6103
 908.000     230.5331
 909.000     264.2855
 910.000     270.5437
 911.000     302.2592
 912.000     300.2693
 913.000     300.4450
 914.000     271.2138
 915.000     308.4263
 916.000     358.5621
 917.000     376.7926
 918.000     370.0327
 919.000     345.0590
 920.000     294.6360
 921.000     292.7145
 922.000     310.3259
 923.000     279.6517
 924.000     236.0617
 925.000     248.8304
 926.000     258.0410
 927.000     215.3060
 928.000     193.0347
 929.000     216.6928
 930.000     212.5868
 931.000     174.0453
 932.000     176.4132
 933.000     193.6770
 934.000     176.1702
 935.000     141.8525
 936.000     137.2950
 937.000     160.3898
 938.000     164.5512
 939.000     166.2045
 940.000     195.7318
 941.000     220.0081
 942.000     254.0991
 943.000     247.1059
 944.000     271.9232
 945.000     270.0171
 946.000     297.9964
 947.000     342.4012
 948.000     390.5654
 949.000     430.7569
 950.000     453.6504
 951.000     467.2982
 952.000     493.1813
 953.000     437.6309
 954.000     388.6476
 955.000     353.5904
 956.000     312.3707
 957.000     265.7769
 958.000     258.7686
 959.000     258.8509
 960.000     227.5583
 961.000     195.8020
 962.000     200.6358
 963.000     196.2979
 964.000     163.0701
 965.000     143.1853
 966.000     148.3692
 967.000     146.7609
 968.000     115.7017
 969.000     105.8407
 970.000     124.2667
 971.000     128.0782
 972.000     125.5296
 973.000     147.5876
 974.000     169.9886
 975.000     206.1781
 976.000     216.3176
 977.000     266.1105
 978.000     296.0054
 979.000     335.0802
 980.000     330.9940
 981.000     336.2489
 982.000     379.9526
 983.000     415.4154
 984.000     412.5626
 985.000     434.0266
 986.000     488.4427
 987.000     508.2087
 988.000     502.4135
 989.000     507.7491
 990.000     558.3415
 991.000     594.2385
 992.000     612.9798
 993.000     656.4570
 994.000     619.0650
 995.000     571.2274
 996.000     573.1531
 997.000     549.9304
 998.000     570.2042
 999.000     546.8924
1000.000     487.9904
1001.000     489.6095
1002.000     512.0693
1003.000     457.9937
1004.000     409.3159
1005.000     433.2092
1006.000     439.7599
1007.000     374.8496
1008.000     359.0054
1009.000     396.7673
1010.000     374.2339
1011.000     319.8147
1012.000     340.8481
1013.000     382.9493
1014.000     357.0767
1015.000     339.2050
1016.000     387.7647
1017.000     408.2536
1018.000     414.0435
1019.000     406.5384
1020.000     410.0733
1021.000     336.4578
1022.000     284.5648
1023.000     254.8554
1024.000     227.9819
1025.000     205.8165
1026.000     174.3450
1027.000     172.2559
1028.000     170.4193
1029.000     136.0398
1030.000     120.2133
1031.000     131.1529
1032.000     125.1009
1033.000      93.2168
1034.000      70.3043
1035.000      56.3220
1036.000      58.2682
1037.000      70.1934
1038.000      84.7872
1039.000     112.2121
1040.000     139.0029
1041.000     169.5614
1042.000     207.0766
1043.000     253.6222
1044.000     307.3943
1045.000     379.2470
1046.000     444.7064
1047.000     502.7803
1048.000     510.9890
1049.000     567.7524
1050.000     624.0654
1051.000     670.2180
1052.000     752.8819
1053.000     779.7306
1054.000     794.6621
1055.000     873.3095
1056.000     801.7847
1057.000     779.5636
1058.000     767.1290
1059.000     678.3869
1060.000     618.8259
1061.000     546.8715
1062.000     519.9647
1063.000     519.5537
1064.000     482.1791
1065.000     423.1743
1066.000     417.4520
1067.000     417.9115
1068.000     369.0204
1069.000     328.8791
1070.000     336.0889
1071.000     313.3598
1072.000     360.5875
1073.000     352.9662
1074.000     302.9030
1075.000     291.0010
1076.000     266.8639
1077.000     260.6746
1078.000     236.2703
1079.000     222.5102
1080.000     203.5232
1081.000     211.9774
1082.000     196.2053
1083.000     164.4778
1084.000     149.6030
1085.000     152.6085
1086.000     131.0455
1087.000     151.9093
1088.000     190.2787
1089.000     226.8547
1090.000     280.7752
1091.000     335.3541
1092.000     400.7241
1093.000     476.6368
1094.000     565.6820
1095.000     651.0037
1096.000     604.5527
1097.000     588.8054
1098.000     515.5371
1099.000     532.5919
1100.000     529.2723
1101.000     444.7821
1102.000     404.3307
1103.000     430.4221
1104.000     410.5247
1105.000     348.9319
1106.000     342.0233
1107.000     364.6416
1108.000     332.3829
1109.000     291.2376
1110.000     308.2044
1111.000     316.6486
1112.000     266.6097
1113.000     239.9688
1114.000     216.6578
1115.000     190.3539
1116.000     167.6176
1117.000     134.4722
1118.000     130.5714
1119.000     106.0929
1120.000     118.0180
1121.000     149.6153
1122.000     170.8701
1123.000     176.0710
1124.000     208.5438
1125.000     234.7028
1126.000     282.0190
1127.000     323.9702
1128.000     389.9358
1129.000     452.1988
1130.000     542.3250
1131.000     553.4087
1132.000     576.1435
1133.000     585.7449
1134.000     660.5516
1135.000     726.0724
1136.000     681.0224
1137.000     672.9492
1138.000     591.4719
1139.000     499.5446
1140.000     417.9316
1141.000     343.2904
1142.000     285.4220
1143.000     230.2302
1144.000     191.3841
1145.000     151.1114
1146.000     138.7611
1147.000     127.4852
1148.000     152.3549
1149.000     159.4853
1150.000     146.5115
1151.000     176.9679
1152.000     191.5035
1153.000     164.2645
1154.000     172.0502
1155.000     207.9220
1156.000     208.4595
1157.000     192.1794
1158.000     221.3399
1159.000     256.9660
1160.000     242.7701
1161.000     244.0572
1162.000     291.4082
1163.000     302.3789
1164.000     279.5400
1165.000     290.6739
1166.000     335.6922
1167.000     346.1625
1168.000     369.9670
1169.000     396.5110
1170.000     375.0159
1171.000     430.0724
1172.000     425.2344
1173.000     360.0861
1174.000     369.9762
1175.000     437.4433
1176.000     410.7256
1177.000     373.9420
1178.000     316.1454
1179.000     285.8801
1180.000     259.6139
1181.000     209.5092
1182.000     194.7842
1183.000     195.8285
1184.000     170.2062
1185.000     142.2348
1186.000     145.4938
1187.000     144.3208
1188.000     116.7102
1189.000     102.8877
1190.000     112.7502
1191.000     102.3892
1192.000      80.0603
1193.000      85.1142
1194.000      92.9069
1195.000      75.1504
1196.000      66.1616
1197.000      80.7700
1198.000      82.8122
1199.000      69.7438
1200.000      84.1940
1201.000     118.0841
1202.000     198.5052
1203.000     439.9984
1204.000     615.9241
1205.000     910.0146
