#Atom       B-factors
   1.000     145.2028
   5.000     115.9548
  18.000      89.4043
  20.000      74.0722
  22.000      60.1697
  35.000      62.4551
  37.000      57.0430
  39.000      58.4001
  57.000      51.6081
  59.000      51.8318
  61.000      47.2384
  73.000      54.6976
  75.000      53.5493
  77.000      62.8857
  89.000      54.8086
  91.000      58.8447
  93.000      54.2881
 105.000      61.2838
 107.000      56.5771
 109.000      62.4427
 129.000      60.2543
 131.000      68.5150
 133.000      68.5117
 145.000      72.1431
 147.000      69.2502
 149.000      73.7295
 169.000      78.5659
 171.000      85.6314
 181.000      91.1084
 183.000      87.2373
 185.000      92.3085
 187.000      92.0361
 198.000      95.3436
 200.000      95.6812
 202.000     104.6489
 212.000     110.2187
 214.000     127.0967
 216.000     141.9516
 226.000     138.3420
 228.000     135.6460
 230.000     143.6130
 248.000     130.2766
 250.000     115.9853
 252.000     113.1350
 263.000     116.8189
 265.000     117.2864
 267.000     136.7028
 285.000     154.9960
 287.000     152.4154
 289.000     175.4248
 295.000     180.6562
 297.000     168.0526
 299.000     183.9082
 305.000     198.7985
 307.000     188.9765
 309.000     218.9588
 312.000     213.5593
 314.000     185.4074
 316.000     187.7516
 332.000     170.1464
 334.000     180.9629
 336.000     167.3084
 349.000     131.8626
 351.000     120.1055
 353.000     103.0249
 371.000      88.6507
 373.000      86.5523
 375.000      83.2258
 387.000      81.1170
 389.000      82.7562
 391.000      83.6619
 403.000      94.5021
 405.000     100.6308
 407.000     113.3407
 420.000     114.6598
 422.000     119.8995
 424.000     123.5718
 436.000     141.7098
 438.000     146.7420
 440.000     166.7848
 452.000     177.7409
 454.000     166.0542
 456.000     174.8680
 464.000     158.2474
 466.000     165.4965
 468.000     155.8616
 486.000     139.2450
 488.000     137.5433
 490.000     126.2307
 503.000     119.1823
 505.000     124.0542
 507.000     122.3918
 522.000     116.9651
 524.000     107.1643
 526.000     103.7010
 541.000     104.2862
 543.000     106.7143
 545.000     107.5098
 557.000      96.4299
 559.000      91.3437
 561.000      83.8652
 577.000      93.8709
 579.000      95.5809
 581.000     104.4629
 589.000     118.8350
 591.000     127.5952
 601.000     145.2249
 603.000     161.8267
 605.000     176.0316
 607.000     201.1772
 625.000     242.7687
 627.000     270.0730
 629.000     343.6578
 642.000     387.2457
 644.000     377.8084
 646.000     459.7941
 657.000     574.1870
 659.000     578.4320
 661.000     739.4118
 672.000     866.3449
 674.000     826.8348
 676.000    1018.6677
 688.000    1121.7022
 690.000    1096.8543
 692.000    1244.1984
 699.000    1351.2676
 701.000    1524.6283
 703.000    1713.8281
 719.000    1887.0234
 721.000    1885.8372
 723.000    2108.5478
 739.000    2076.4009
 741.000    2364.1667
 743.000    2473.8058
 756.000    2401.6554
 758.000    2387.4686
 760.000    2355.8767
 763.000    2005.6855
 765.000    1992.4990
 767.000    1745.7510
 785.000    1657.9647
 787.000    1449.1679
 789.000    1418.2962
 807.000    1403.5424
 809.000    1213.2427
 811.000    1206.4932
 821.000    1062.9522
 823.000    1180.1665
 825.000    1134.5855
 835.000     890.7799
 837.000     724.9063
 839.000     586.9066
 849.000     657.6060
 851.000     777.9576
 853.000     908.3063
 866.000     821.8455
 868.000     687.3871
 870.000     631.0167
 880.000     515.1055
 882.000     517.6165
 884.000     457.0256
 896.000     369.6295
 898.000     367.5814
 900.000     318.7210
 915.000     269.1881
 917.000     281.9559
 919.000     264.1643
 937.000     251.6489
 939.000     264.1373
 941.000     273.7186
 959.000     241.3913
 961.000     222.1127
 963.000     205.1561
 976.000     177.8657
 978.000     171.1426
 980.000     158.0366
 990.000     150.5641
 992.000     144.3392
 994.000     144.7754
1012.000     147.4511
1014.000     143.5347
1016.000     149.1782
1024.000     140.1888
1026.000     121.7582
1028.000     113.5553
1043.000     107.7491
1045.000     115.5815
1047.000     113.8015
1065.000     102.7099
1067.000      97.0891
1069.000      89.4634
1085.000      93.0670
1087.000      93.3577
1089.000      97.2649
1101.000      86.8201
1103.000      88.1113
1105.000      81.0750
1121.000      91.2035
1123.000      87.5910
1125.000      97.1258
1133.000     102.6191
1135.000      95.8541
1137.000     101.9475
1143.000      93.4451
1145.000     100.1274
1147.000      94.2836
1159.000     100.5176
1161.000      93.4973
1163.000      98.8398
1179.000      97.8554
1181.000     107.6464
1183.000     107.9067
1191.000     106.0733
1193.000     106.2573
1195.000     106.5321
1206.000     118.1071
1208.000     126.9298
1210.000     140.8854
1220.000     141.6025
1222.000     132.7414
1224.000     133.0520
1231.000     130.7514
1233.000     140.6341
1235.000     142.9204
1245.000     134.2431
1247.000     133.8624
1249.000     128.6241
1262.000     136.1301
1264.000     150.2104
1266.000     160.3527
1273.000     157.0684
1275.000     152.4831
1277.000     149.9815
1288.000     134.9489
1290.000     122.8488
1292.000     110.7560
1304.000     115.5482
1306.000     123.4421
1308.000     130.5851
1324.000     140.3071
1326.000     149.4244
1328.000     161.0772
1339.000     152.6249
1341.000     139.9944
1343.000     134.8310
1356.000     130.3322
1358.000     116.6220
1360.000     107.3097
1370.000     113.7770
1372.000     117.6009
1374.000     123.5616
1384.000     138.7439
1386.000     148.1364
1388.000     166.4111
1406.000     171.8748
1408.000     165.0170
1418.000     173.5497
1420.000     166.5869
1422.000     151.6745
1424.000     147.5485
1439.000     154.5031
1441.000     166.0271
1443.000     177.0280
1458.000     186.8574
1460.000     194.0792
1462.000     206.2380
1482.000     195.0638
1484.000     180.7372
1486.000     171.1341
1493.000     163.6835
1495.000     160.0423
1497.000     157.4351
1513.000     172.2727
1515.000     186.7237
1517.000     204.8912
1532.000     208.8613
1534.000     200.5504
1536.000     202.9998
1546.000     190.5962
1548.000     180.4547
1550.000     172.7061
1553.000     154.2744
1555.000     147.0446
1557.000     131.4608
1574.000     120.2037
1576.000     108.9208
1578.000      99.5003
1588.000      91.8275
1590.000      87.7926
1592.000      81.6848
1599.000      73.8573
1601.000      66.2214
1603.000      58.7877
1613.000      56.1082
1615.000      56.1919
1617.000      53.9530
1629.000      47.6199
1631.000      41.4758
1633.000      36.2827
1648.000      36.1055
1650.000      34.0645
1652.000      32.6767
1658.000      25.5382
1660.000      22.2553
1662.000      17.2820
1679.000      17.5739
1681.000      15.6431
1683.000      17.6361
1686.000      15.6529
1688.000      17.6291
1690.000      19.0627
1696.000      20.6466
1698.000      23.1583
1700.000      27.7969
1710.000      31.0627
1712.000      35.7042
1714.000      42.4859
1717.000      40.9964
1719.000      35.5990
1721.000      37.1754
1727.000      42.9996
1729.000      46.8825
1731.000      56.8900
1734.000      53.8977
1736.000      46.2793
1738.000      45.3460
1756.000      49.9888
1758.000      50.6545
1760.000      56.2497
1770.000      64.2026
1772.000      64.1197
1774.000      72.8666
1787.000      76.0940
1789.000      71.4981
1791.000      76.2873
1801.000      80.9733
1803.000      78.3641
1805.000      85.2097
1818.000      91.5072
1820.000      90.2153
1822.000      98.8337
1837.000     102.0059
1839.000      96.7284
1841.000     101.7000
1844.000     109.9755
1846.000     123.9299
1848.000     142.2164
1855.000     159.8002
1857.000     185.6131
1859.000     216.2208
1865.000     214.9966
1867.000     195.4825
1869.000     203.3071
1877.000     184.8166
1879.000     163.4121
1881.000     154.0982
1892.000     143.1383
1894.000     154.2121
1904.000     149.2866
1906.000     138.6804
1908.000     125.6754
1910.000     114.3326
1913.000     116.5825
1915.000     106.8204
1917.000     108.1040
1929.000     110.9632
1931.000     107.0724
1933.000     111.0895
1946.000     128.6582
1948.000     135.6645
1950.000     152.9774
1967.000     161.1176
1969.000     155.4160
1971.000     163.9319
1986.000     164.3282
1988.000     151.9059
1990.000     151.8088
2000.000     165.1572
2002.000     168.0071
2004.000     183.2349
2017.000     202.0362
2019.000     203.0950
2021.000     222.7633
2036.000     229.5363
2038.000     217.3454
2040.000     225.1522
2053.000     227.1986
2055.000     216.8631
2057.000     219.5117
2072.000     240.8619
2074.000     252.3016
2076.000     278.3020
2093.000     293.5102
2095.000     288.0766
2097.000     302.6647
2115.000     300.0287
2117.000     278.2643
2119.000     277.0054
2126.000     289.8380
2128.000     290.5511
2130.000     307.0966
2143.000     338.3911
2145.000     352.8950
2147.000     388.0306
2155.000     398.5964
2157.000     379.3180
2159.000     390.7919
2170.000     391.8394
2172.000     371.2684
2174.000     372.2445
2189.000     384.5994
2191.000     400.9516
2193.000     416.9783
2211.000     432.7854
2213.000     442.4826
2215.000     463.4068
2226.000     454.4486
2228.000     437.2471
2230.000     435.1977
2241.000     410.8201
2243.000     390.0678
2245.000     368.8537
2263.000     371.3762
2265.000     366.4784
2267.000     364.5981
2282.000     336.2828
2284.000     330.7722
2286.000     307.7331
2293.000     304.6830
2295.000     287.9875
2297.000     284.8754
2304.000     263.1553
2306.000     258.6521
2308.000     239.0911
2318.000     237.0266
2320.000     220.9276
2322.000     217.0625
2328.000     198.8457
2330.000     194.1633
2332.000     178.2497
2344.000     173.6278
2346.000     159.5318
2348.000     153.0904
2355.000     139.5583
2357.000     137.8367
2359.000     124.9761
2376.000     120.2558
2378.000     106.8784
2380.000     101.8686
2395.000      87.6205
2397.000      86.6797
2399.000      75.6169
2410.000      73.6693
2412.000      65.9604
2414.000      62.6950
2426.000      58.9128
2428.000      63.5353
2430.000      64.0460
2447.000      67.3209
2449.000      65.3392
2451.000      69.7586
2461.000      70.9490
2463.000      64.6917
2465.000      67.2618
2476.000      76.6453
2478.000      77.0702
2480.000      86.3726
2493.000      82.0462
2495.000      89.2176
2497.000      88.5419
2512.000     102.2305
2514.000     104.3047
2516.000     116.9184
2536.000     119.7393
2538.000     133.9572
2540.000     141.1604
2548.000     145.5785
2550.000     139.8690
2552.000     143.7922
2567.000     162.8912
2569.000     170.1487
2571.000     188.6242
2586.000     207.0172
2588.000     203.4018
2590.000     218.9208
2602.000     210.0505
2604.000     191.8272
2606.000     182.8311
2616.000     182.8454
2618.000     176.9502
2620.000     179.1772
2627.000     168.2907
2629.000     176.1112
2631.000     167.6515
2634.000     155.3006
2636.000     149.5228
2646.000     139.2177
2648.000     143.2785
2650.000     134.6846
2652.000     139.3891
2667.000     130.4646
2669.000     139.6661
2671.000     133.2514
2677.000     125.0673
2679.000     117.5972
2681.000     110.6841
2693.000     114.9718
2695.000     118.7754
2697.000     125.6604
2717.000     119.8119
2719.000     125.7737
2721.000     127.4549
2732.000     142.3087
2734.000     144.5406
2736.000     161.3775
2744.000     175.2886
2746.000     170.5044
2748.000     186.1675
2758.000     195.0959
2760.000     184.8733
2762.000     196.4644
2775.000     181.2109
2777.000     161.7123
2779.000     150.5058
2797.000     131.3729
2799.000     125.4425
2801.000     111.7964
2804.000     110.7766
2806.000     104.1252
2808.000     104.3751
2820.000     114.0919
2822.000     119.6287
2824.000     129.5759
2836.000     127.1921
2838.000     130.2572
2840.000     131.4253
2852.000     147.0547
2854.000     150.6459
2856.000     166.8698
2869.000     172.0755
2871.000     187.7141
2873.000     199.7633
2876.000     193.5633
2878.000     184.0452
2880.000     178.6204
2895.000     186.9031
2897.000     187.2575
2899.000     197.5888
2909.000     191.4792
2911.000     208.2725
2913.000     211.0908
2928.000     228.9867
2930.000     223.6152
2932.000     237.9302
2945.000     238.4963
2947.000     259.0560
2949.000     268.5309
2962.000     277.9260
2964.000     273.9428
2974.000     285.5067
2976.000     306.1095
2978.000     323.9306
2980.000     356.3772
2998.000     351.3797
3000.000     328.3427
3002.000     330.7295
3009.000     303.4926
3011.000     308.7902
3013.000     292.0216
3020.000     276.8586
3022.000     295.1327
3024.000     296.3282
3035.000     278.2768
3037.000     271.9899
3039.000     261.7882
3050.000     237.2708
3052.000     227.4902
3054.000     208.7429
3069.000     201.1558
3071.000     209.0126
3073.000     207.6899
3088.000     210.3202
3090.000     220.8686
3092.000     226.4721
3105.000     213.7578
3107.000     208.2258
3109.000     198.2310
3124.000     179.6068
3126.000     171.9163
3128.000     157.4597
3143.000     156.2539
3145.000     164.3168
3147.000     166.2921
3155.000     167.8140
3157.000     181.4159
3159.000     188.2217
3169.000     170.1295
3171.000     159.2981
3173.000     145.0808
3176.000     129.5749
3178.000     124.9645
3180.000     113.6087
3190.000     117.3279
3192.000     132.9360
3194.000     141.2253
3212.000     141.6100
3214.000     141.2539
3216.000     142.5950
3226.000     126.5522
3228.000     113.8396
3230.000     100.7668
3250.000     101.6356
3252.000      98.9321
3254.000     107.1898
3264.000      91.0528
3266.000      99.9242
3268.000      87.1453
3281.000      98.3995
3283.000      98.7451
3285.000     116.5191
3298.000     119.5091
3300.000     115.2959
3310.000     118.3354
3312.000     122.6258
3314.000     125.9066
3316.000     137.1940
3326.000     140.4237
3328.000     157.0965
3330.000     172.9290
3338.000     176.1715
3340.000     176.6821
3342.000     182.5040
3355.000     176.6811
3357.000     157.4353
3359.000     155.5087
3369.000     165.0760
3371.000     183.7572
3373.000     208.9952
3379.000     189.0126
3381.000     197.0611
3383.000     190.2402
3393.000     151.6200
3395.000     141.9442
3397.000     125.1919
3404.000      86.9421
3406.000      54.3416
3408.000      49.4193
3415.000      43.2185
3417.000      43.8072
3419.000      42.6009
3439.000      42.1079
3441.000      46.2442
3443.000      46.8144
3450.000      43.0184
3452.000      42.6060
3454.000      41.5811
3467.000      50.5220
3469.000      52.7439
3471.000      62.8394
3477.000      63.1940
3479.000      69.4912
3481.000      71.5062
3493.000      83.8216
3495.000      85.7675
3497.000      97.4729
3513.000      98.6625
3515.000     108.5898
3517.000     111.4424
3530.000     127.8369
3532.000     131.1972
3534.000     146.1052
3549.000     148.6583
3551.000     165.8075
3553.000     172.6374
3570.000     187.1085
3572.000     188.0099
3574.000     197.6390
3589.000     204.7637
3591.000     224.5648
3593.000     236.0280
3613.000     252.2412
3615.000     257.9507
3617.000     273.4617
3630.000     285.8652
3632.000     308.6010
3634.000     324.4937
3647.000     345.4195
3649.000     361.8190
3651.000     389.2465
3659.000     417.0182
3661.000     439.9425
3663.000     479.0754
3681.000     575.0599
3683.000     670.0776
3685.000     827.2087
3695.000     926.6709
3697.000    1041.1128
3699.000    1198.3389
3705.000    1110.5330
3707.000     951.1849
3709.000     884.1634
3716.000     835.2550
3718.000     885.4115
3720.000     886.9694
3735.000     740.6386
3737.000     669.7922
3739.000     571.6423
3749.000     485.3052
3751.000     467.2835
3753.000     423.7784
3766.000     378.9204
3768.000     365.2152
3770.000     337.7971
3780.000     310.3714
3782.000     306.7460
3784.000     286.8731
3796.000     262.9873
3798.000     249.5590
3800.000     229.0802
3820.000     218.5300
3822.000     202.0811
3824.000     190.7792
3839.000     172.0710
3841.000     166.4292
3843.000     149.7196
3849.000     143.4855
3851.000     127.7662
3853.000     120.5291
3871.000     110.7645
3873.000     111.0587
3875.000     102.2960
3888.000      95.7361
3890.000      83.4435
3892.000      77.5235
3899.000      72.5813
3901.000      73.5209
3903.000      69.1614
3918.000      62.5041
3920.000      54.7772
3922.000      48.4563
3937.000      44.7956
3939.000      46.2664
3941.000      41.5294
3949.000      35.6301
3951.000      29.1949
3953.000      25.0229
3968.000      24.5925
3970.000      24.0293
3972.000      23.5029
3978.000      19.3060
3980.000      19.0652
3982.000      17.5809
3985.000      14.7887
3987.000      11.7947
3989.000      11.3367
3996.000      14.5951
3998.000      17.5587
4000.000      24.6904
4011.000      30.9541
4013.000      42.1199
4015.000      56.2504
4025.000      65.8924
4027.000      67.0703
4029.000      84.5585
4044.000      70.6903
4046.000      83.3726
4048.000      81.1088
4051.000      75.7385
4053.000      75.1792
4055.000      81.9110
4075.000      83.1766
4077.000      95.0683
4079.000     110.4276
4086.000     113.1227
4088.000     138.1492
4090.000     162.3283
4093.000     163.7203
4095.000     159.5657
4097.000     173.6465
4103.000     169.3706
4105.000     200.0913
4107.000     214.4876
4119.000     190.3718
4121.000     188.4428
4123.000     185.4896
4131.000     150.1092
4133.000     127.0286
4135.000     106.9787
4153.000      90.5266
4155.000      87.0166
4157.000      77.8839
4177.000      67.5742
4179.000      67.5059
4181.000      62.8827
4187.000      59.1132
4189.000      66.0950
4191.000      65.2876
4211.000      56.5026
4213.000      56.4981
4215.000      51.2590
4226.000      41.5412
4228.000      39.6666
4230.000      33.6900
4236.000      31.0114
4238.000      35.5943
4240.000      36.2229
4243.000      33.5431
4245.000      37.2265
4247.000      37.4393
4257.000      30.2748
4259.000      26.7748
4261.000      21.3194
4276.000      16.5674
4278.000      16.0290
4280.000      13.2175
4290.000      14.3571
4292.000      18.0736
4294.000      19.3595
4307.000      17.7935
4309.000      18.4257
4311.000      18.1503
4318.000      13.6588
4320.000      11.2094
4322.000       7.9380
4337.000       6.9457
4339.000       7.9225
4341.000       7.9114
4356.000       8.5575
4358.000      10.8741
4360.000      12.2814
4370.000      10.9001
4372.000      10.4437
4374.000      10.1705
4389.000       7.9002
4391.000       6.2536
4393.000       5.7683
4396.000       6.0540
4398.000       7.3464
4400.000       9.5284
4410.000      10.3954
4412.000      11.1638
4414.000      13.5249
4426.000      13.2253
4428.000      11.6762
4430.000      12.4882
4445.000      12.7595
4447.000      11.0412
4449.000      12.6421
4459.000      15.4326
4461.000      15.1609
4463.000      18.5506
4469.000      21.2602
4471.000      20.8984
4473.000      25.4491
4488.000      28.5549
4490.000      26.5564
4492.000      31.1342
4498.000      34.2667
4500.000      32.6057
4502.000      38.3842
4510.000      44.5956
4512.000      56.0510
4514.000      69.4493
4521.000      73.6224
4523.000      71.4042
4525.000      79.8016
4543.000      69.6029
4545.000      55.5421
4547.000      49.6523
4567.000      50.0614
4569.000      57.1643
4571.000      63.9885
4589.000      68.5963
4591.000      69.5212
4593.000      78.9383
4603.000      73.7201
4605.000      61.4243
4607.000      59.3763
4620.000      54.2146
4622.000      54.6084
4624.000      50.6145
4637.000      42.4639
4639.000      40.2160
4641.000      34.0465
4656.000      34.7089
4658.000      32.0149
4668.000      35.2193
4670.000      32.3973
4672.000      34.4864
4674.000      35.2319
4691.000      38.4832
4693.000      43.5346
4695.000      49.0500
4715.000      45.9014
4717.000      39.5386
4719.000      37.6638
4729.000      36.3375
4731.000      35.6613
4733.000      37.0451
4740.000      42.2013
4742.000      47.7055
4744.000      54.4200
4762.000      51.0386
4764.000      44.6860
4766.000      41.7565
4781.000      39.2843
4783.000      35.0232
4785.000      33.4872
4795.000      39.6897
4797.000      44.4713
4799.000      52.0463
4819.000      57.1467
4821.000      57.5389
4823.000      63.4835
4838.000      61.0890
4840.000      53.5804
4842.000      52.2066
4857.000      52.4055
4859.000      54.1301
4861.000      55.4166
4879.000      59.9707
4881.000      64.9339
4883.000      71.6633
4891.000      71.8837
4893.000      66.9406
4895.000      69.2318
4902.000      61.8794
4904.000      56.3052
4906.000      54.3427
4921.000      61.4062
4923.000      74.0569
4925.000      92.0165
4928.000      80.5037
4930.000      93.9489
4932.000     121.3516
4935.000     111.1532
4937.000     114.6109
4939.000     125.5033
4949.000     108.7686
4951.000      89.1362
4953.000      81.6964
4960.000      75.8978
4962.000      78.5698
4964.000      76.2416
4977.000      67.4505
4979.000      62.1483
4981.000      54.8568
4991.000      53.5542
4993.000      52.5166
4995.000      52.8217
5010.000      45.6454
5012.000      43.2403
5014.000      37.6910
5027.000      39.3310
5029.000      38.4300
5031.000      39.9353
5046.000      33.9461
5048.000      33.7265
5050.000      29.5642
5056.000      32.9951
5058.000      32.2276
5060.000      34.9075
5066.000      31.7139
5068.000      36.9331
5070.000      36.5275
5082.000      40.6772
5084.000      40.1829
5086.000      44.6833
5093.000      51.9146
5095.000      60.4073
5105.000      73.2665
5107.000      76.9150
5109.000      68.1059
5111.000      76.1003
5118.000      62.6174
5120.000      69.0194
5122.000      66.2265
5129.000      57.7441
5131.000      58.0974
5133.000      55.9387
5145.000      45.0979
5147.000      40.4562
5149.000      34.5192
5165.000      36.4738
5167.000      43.0934
5169.000      47.9676
5186.000      42.2695
5188.000      40.7796
5190.000      38.4750
5198.000      29.6578
5200.000      26.7648
5202.000      22.3551
5210.000      20.5928
5212.000      24.2255
5214.000      26.5662
5224.000      27.7034
5226.000      30.3713
5228.000      32.9550
5245.000      27.6033
5247.000      23.2298
5249.000      19.7234
5259.000      16.7003
5261.000      16.3087
5263.000      15.9129
5273.000      19.7708
5275.000      24.3853
5277.000      29.7945
5292.000      29.4447
5294.000      27.3260
5296.000      27.3606
5314.000      22.3983
5316.000      17.8346
5318.000      14.9212
5335.000      17.4749
5337.000      21.3799
5339.000      26.3351
5345.000      30.4550
5347.000      32.4330
5349.000      38.0344
5359.000      35.1056
5361.000      28.9397
5363.000      26.3306
5383.000      25.3353
5385.000      23.5525
5387.000      24.7825
5393.000      32.7726
5395.000      40.1421
5397.000      52.9419
5415.000      59.5201
5417.000      57.9219
5419.000      71.5373
5427.000      73.5550
5429.000      76.8709
5431.000      97.1049
5446.000     126.4364
5449.000     818.7588
5453.000     721.8947
5466.000     696.2506
5468.000     639.5762
5470.000     612.3975
5490.000     572.9122
5492.000     557.3658
5494.000     531.7538
5505.000     488.9655
5507.000     479.8351
5509.000     447.7335
5516.000     431.7565
5518.000     403.1333
5520.000     387.5758
5535.000     371.5833
5537.000     378.8200
5539.000     366.3522
5546.000     347.9927
5548.000     323.6115
5550.000     304.8138
5565.000     300.6176
5567.000     302.3220
5569.000     305.1166
5582.000     285.9493
5584.000     272.1959
5586.000     251.6607
5598.000     247.9798
5600.000     247.3628
5602.000     244.4040
5605.000     274.5358
5607.000     262.2200
5609.000     293.1956
5622.000     304.1412
5624.000     309.6204
5626.000     329.7906
5632.000     336.5429
5634.000     322.6399
5636.000     331.2381
5639.000     343.0278
5641.000     335.5525
5643.000     350.8087
5655.000     380.7994
5657.000     386.4454
5659.000     421.8614
5672.000     439.5010
5674.000     422.9536
5676.000     442.5349
5691.000     445.2849
5693.000     422.0048
5695.000     426.9143
5698.000     449.9077
5700.000     451.5119
5702.000     479.0637
5712.000     512.6361
5714.000     516.2070
5716.000     551.4049
5722.000     564.4464
5724.000     539.1092
5726.000     551.0977
5733.000     564.0163
5735.000     544.0581
5737.000     556.6464
5757.000     598.2822
5759.000     610.9112
5761.000     658.1519
5772.000     696.5533
5774.000     687.0233
5776.000     724.0029
5791.000     725.3169
5793.000     682.8377
5795.000     687.3164
5812.000     722.7846
5814.000     718.3789
5816.000     752.9473
5823.000     806.4831
5825.000     812.1659
5827.000     862.1657
5842.000     885.0692
5844.000     858.1936
5846.000     880.5539
5857.000     900.2198
5859.000     878.5447
5861.000     900.3889
5874.000     936.9598
5876.000     941.0031
5878.000     979.5949
5881.000     958.5754
5883.000     916.6935
5885.000     890.9402
5900.000     890.4593
5902.000     897.3013
5904.000     903.8256
5917.000     873.1435
5919.000     874.8708
5929.000     851.7445
5931.000     848.3881
5933.000     880.8502
5935.000     888.0021
5943.000     860.6382
5945.000     845.3658
5947.000     823.1215
5950.000     843.5084
5952.000     882.2774
5954.000     908.9481
5967.000     927.4760
5969.000     920.0976
5971.000     939.0761
5984.000     938.1783
5986.000     979.9288
5996.000     982.9611
5998.000     940.4153
6000.000     923.7671
6002.000     888.6470
6009.000     898.0269
6011.000     869.4111
6013.000     877.5554
6021.000     844.5125
6023.000     856.5761
6025.000     838.6967
6033.000     820.5282
6035.000     796.2599
6037.000     782.1248
6044.000     766.4948
6046.000     767.6891
6048.000     745.9892
6064.000     703.5617
6066.000     709.2803
6068.000     678.4704
6078.000     637.1223
6080.000     635.8226
6082.000     601.4564
6092.000     569.4755
6094.000     580.0918
6096.000     560.1413
6112.000     569.8957
6114.000     596.2062
6116.000     610.4667
6132.000     615.5357
6134.000     608.0826
6136.000     611.3364
6143.000     640.5391
6145.000     667.8033
6147.000     703.9701
6158.000     695.5021
6160.000     718.4735
6162.000     721.6588
6172.000     787.2058
6174.000     799.0512
6176.000     872.4059
6179.000     915.7671
6181.000     922.7930
6183.000     974.0478
6189.000     973.3035
6191.000     940.2217
6193.000     938.7026
6196.000     893.7396
6198.000     880.4574
6200.000     842.7199
6218.000     778.9890
6220.000     756.3547
6222.000     710.5385
6235.000     676.8404
6237.000     640.3137
6239.000     603.7968
6251.000     577.8199
6253.000     565.2073
6263.000     543.6744
6265.000     506.8206
6267.000     495.1324
6269.000     461.1434
6289.000     433.0556
6291.000     434.1912
6293.000     410.6816
6299.000     390.0159
6301.000     363.5043
6303.000     342.5390
6315.000     331.7590
6317.000     332.6112
6319.000     326.0497
6335.000     304.4942
6337.000     286.0851
6339.000     263.9398
6351.000     257.9212
6353.000     254.0563
6355.000     243.6428
6363.000     233.4437
6365.000     219.0920
6367.000     210.8565
6382.000     220.2120
6384.000     244.8368
6386.000     264.1759
6397.000     288.0281
6399.000     304.1509
6409.000     331.1901
6411.000     345.4379
6413.000     357.4762
6415.000     380.8334
6425.000     392.3609
6427.000     382.9618
6429.000     396.1702
6441.000     402.3683
6443.000     387.5087
6445.000     399.5051
6460.000     439.5882
6462.000     455.7706
6464.000     498.9696
6472.000     520.5767
6474.000     511.4060
6476.000     536.6320
6487.000     541.6152
6489.000     516.6655
6491.000     522.4148
6503.000     537.6649
6505.000     528.6874
6507.000     548.5036
6527.000     582.0757
6529.000     593.6294
6531.000     626.8906
6541.000     646.9301
6543.000     647.6865
6545.000     669.1991
6548.000     701.6779
6550.000     729.6742
6552.000     774.7182
6562.000     752.2692
6564.000     712.8203
6566.000     696.9691
6583.000     662.2743
6585.000     655.8196
6587.000     628.3365
6607.000     632.9761
6609.000     671.7013
6611.000     683.3459
6624.000     665.4653
6626.000     655.8230
6628.000     644.5113
6643.000     600.3468
6645.000     573.7140
6647.000     536.6979
6663.000     537.1664
6665.000     516.9054
6667.000     512.2288
6680.000     486.6907
6682.000     494.0751
6692.000     475.4877
6694.000     440.3866
6696.000     431.2823
6698.000     403.5877
6709.000     384.8050
6711.000     395.9214
6713.000     383.4018
6726.000     368.9201
6728.000     371.5161
6730.000     362.0194
6745.000     340.0718
6747.000     314.9474
6749.000     294.8372
6764.000     287.9087
6766.000     284.6454
6768.000     280.7071
6778.000     260.7060
6780.000     248.4614
6782.000     233.9195
6785.000     245.8771
6787.000     238.7205
6789.000     258.3158
6807.000     245.6172
6809.000     212.6067
6811.000     197.0675
6822.000     190.2595
6824.000     186.5737
6826.000     182.6698
6834.000     166.6685
6836.000     167.9044
6838.000     154.4767
6844.000     147.7107
6846.000     155.8429
6848.000     154.6349
6854.000     148.7977
6856.000     153.1415
6858.000     152.4683
6868.000     139.4550
6870.000     129.2371
6872.000     116.8981
6882.000     114.8840
6884.000     112.0344
6886.000     111.1069
6903.000     103.0639
6905.000      94.3565
6907.000      87.6962
6913.000      92.0109
6915.000      99.5015
6917.000     107.9130
6937.000     116.4172
6939.000     122.2271
6941.000     133.1948
6944.000     126.1420
6946.000     116.0460
6948.000     111.0064
6961.000     104.7040
6963.000      97.7166
6965.000      97.1271
6982.000     101.3493
6984.000     102.0090
6986.000     105.9748
6996.000     119.4730
6998.000     112.7995
7000.000     123.1959
7015.000     128.7142
7017.000     124.1142
7019.000     130.8495
7022.000     129.4135
7024.000     120.9136
7026.000     122.3915
7044.000     132.9154
7046.000     140.1883
7048.000     154.8911
7059.000     164.5772
7061.000     161.9830
7063.000     174.2790
7078.000     176.0444
7080.000     162.1636
7082.000     164.2628
7097.000     175.6794
7099.000     175.2821
7101.000     187.6860
7109.000     207.5408
7111.000     211.9530
7113.000     232.5518
7128.000     241.3520
7130.000     229.0675
7132.000     237.6392
7144.000     242.4236
7146.000     228.2437
7148.000     232.9427
7163.000     250.2226
7165.000     253.5334
7167.000     272.4706
7175.000     292.3163
7177.000     292.8538
7179.000     314.1056
7199.000     319.2744
7201.000     301.1104
7203.000     304.9733
7218.000     315.0136
7220.000     305.8039
7222.000     316.1749
7242.000     341.7045
7244.000     347.1250
7246.000     374.0529
7264.000     393.3956
7266.000     384.9200
7268.000     403.3076
7283.000     407.1317
7285.000     385.3358
7287.000     388.6708
7293.000     406.7436
7295.000     406.7259
7297.000     428.6355
7305.000     461.0650
7307.000     464.8852
7309.000     499.1873
7322.000     512.8528
7324.000     490.6757
7326.000     498.6320
7333.000     528.8186
7335.000     552.1196
7337.000     584.6465
7347.000     539.7088
7349.000     504.5417
7351.000     482.9521
7354.000     462.2030
7356.000     459.2207
7358.000     440.1259
7373.000     438.1182
7375.000     450.4050
7377.000     449.5537
7390.000     413.4461
7392.000     401.1803
7394.000     372.6277
7397.000     366.0282
7399.000     345.1337
7401.000     334.9018
7417.000     336.5623
7419.000     340.7802
7421.000     340.5758
7436.000     323.6877
7438.000     299.8534
7440.000     282.7962
7452.000     287.2155
7454.000     292.3839
7456.000     297.0393
7472.000     274.8843
7474.000     264.3596
7476.000     246.1213
7489.000     250.8182
7491.000     253.2710
7493.000     259.1605
7500.000     231.0548
7502.000     228.9107
7504.000     210.6371
7520.000     198.4173
7522.000     221.9709
7524.000     216.7089
7527.000     190.8047
7529.000     225.3231
7531.000     213.2650
7534.000     186.6940
7536.000     170.9113
7538.000     160.9579
7541.000     164.8573
7543.000     175.1476
7545.000     186.4302
7555.000     193.0022
7557.000     190.3204
7559.000     197.2526
7562.000     186.2847
7564.000     185.9099
7566.000     181.2300
7573.000     157.9427
7575.000     148.4852
7577.000     133.4389
7580.000     134.6987
7582.000     145.0859
7584.000     149.7565
7600.000     157.2314
7602.000     165.9874
7604.000     174.8238
7614.000     163.6276
7616.000     150.9033
7618.000     140.8873
7625.000     134.6647
7627.000     130.9102
7629.000     127.8649
7644.000     141.0987
7646.000     153.1848
7648.000     167.8658
7663.000     174.3816
7665.000     174.7665
7667.000     184.7563
7680.000     175.6028
7682.000     158.4543
7684.000     152.4608
7695.000     158.5877
7697.000     159.8950
7699.000     169.2582
7719.000     189.2976
7721.000     197.7515
7723.000     218.4668
7738.000     222.1084
7740.000     207.3965
7742.000     210.0354
7749.000     211.9468
7751.000     205.6576
7753.000     211.2901
7765.000     221.2040
7767.000     219.8892
7769.000     236.5230
7777.000     259.7564
7779.000     259.5053
7781.000     284.2133
7798.000     292.7322
7800.000     267.3432
7802.000     275.1380
7805.000     277.4513
7807.000     306.3724
7809.000     332.1688
7827.000     335.7565
7829.000     328.0770
7831.000     339.7747
7849.000     322.3220
7851.000     337.0699
7853.000     330.6726
7860.000     316.0211
7862.000     307.6474
7864.000     301.6306
7882.000     293.9151
7884.000     306.5275
7886.000     308.0262
7901.000     297.3923
7903.000     291.7950
7905.000     280.6063
7916.000     299.0737
7918.000     303.8527
7920.000     317.8132
7936.000     290.3802
7938.000     273.0642
7940.000     257.6728
7947.000     276.3892
7949.000     274.0203
7951.000     295.4347
7966.000     267.4261
7968.000     261.3596
7970.000     239.7524
7987.000     239.4175
7989.000     225.9716
7999.000     235.1912
8001.000     243.6288
8003.000     279.6604
8005.000     301.7870
8011.000     299.7846
8013.000     311.4237
8023.000     314.8762
8025.000     348.7377
8027.000     371.5386
8029.000     413.7257
8042.000     409.2201
8044.000     369.1549
8046.000     369.3440
8058.000     340.4291
8060.000     264.8779
8062.000     242.7818
8069.000     225.1690
8071.000     215.1539
8073.000     202.2882
8083.000     187.7444
8085.000     187.3351
8087.000     173.7658
8093.000     163.1421
8095.000     153.0270
8097.000     145.3385
8109.000     133.6706
8111.000     127.5856
8113.000     119.8460
8125.000     124.7119
8127.000     140.7700
8129.000     154.0229
8140.000     142.4264
8142.000     135.6560
8152.000     129.6111
8154.000     113.4837
8156.000     103.0684
8158.000      90.9098
8175.000      95.2365
8177.000     104.4677
8179.000     111.0275
8189.000     117.8459
8191.000     127.2040
8193.000     138.0115
8200.000     130.4624
8202.000     119.1380
8204.000     113.0430
8219.000     105.9936
8221.000      98.5236
8223.000      93.7220
8238.000     103.9897
8240.000     114.0173
8242.000     127.0182
8252.000     135.4941
8254.000     138.1605
8256.000     148.0525
8266.000     141.6914
8268.000     128.0246
8270.000     123.3772
8283.000     124.4430
8285.000     123.2887
8287.000     126.0397
8297.000     142.2354
8299.000     151.9129
8301.000     171.6766
8311.000     184.0728
8313.000     177.2461
8315.000     187.6327
8330.000     184.4672
8332.000     168.8440
8334.000     169.9780
8345.000     183.4590
8347.000     187.4099
8349.000     200.5997
8362.000     226.4759
8364.000     225.5655
8366.000     247.5338
8373.000     265.0106
8375.000     279.9846
8377.000     305.3468
8385.000     315.8844
8387.000     312.2691
8389.000     322.9517
8396.000     310.8411
8398.000     303.0005
8400.000     290.5407
8406.000     309.3338
8408.000     317.4322
8410.000     333.2585
8426.000     320.9250
8428.000     325.1047
8430.000     314.9889
8443.000     347.2371
8445.000     337.7554
8447.000     372.1502
8459.000     362.9121
8461.000     395.7896
8463.000     389.8351
8471.000     401.5155
8473.000     393.1964
8475.000     404.5997
8485.000     419.4289
8487.000     409.2669
8489.000     428.3075
8500.000     450.8309
8502.000     444.1490
8504.000     469.2744
8510.000     492.4025
8512.000     483.3487
8514.000     506.4633
8529.000     526.4712
8531.000     508.3187
8533.000     528.4650
8550.000     563.7781
8552.000     553.2634
8554.000     582.3120
8562.000     619.9494
8564.000     614.1534
8566.000     652.1730
8581.000     685.9588
8583.000     667.8826
8585.000     699.0416
8592.000     731.2077
8594.000     706.1816
8596.000     729.7509
8616.000     767.2661
8618.000     753.2519
8620.000     789.7038
8640.000     831.7721
8642.000     830.0172
8644.000     870.8190
8654.000     893.6377
8656.000     864.8599
8658.000     882.8625
8673.000     912.6794
8675.000     917.0678
8677.000     946.8758
8685.000     915.6591
8687.000     856.1860
8689.000     824.3654
8704.000     793.1463
8706.000     810.9158
8708.000     794.1573
8719.000     732.8053
8721.000     717.7122
8723.000     670.8219
8743.000     660.7555
8745.000     643.6715
8755.000     637.5998
8757.000     607.9215
8759.000     621.9807
8761.000     597.6437
8771.000     565.3539
8773.000     530.1825
8775.000     499.8733
8792.000     517.5106
8794.000     546.8948
8796.000     571.8977
8806.000     593.3950
8808.000     605.8155
8810.000     626.5101
8820.000     597.1585
8822.000     558.7274
8824.000     529.1979
8839.000     516.1139
8841.000     511.0014
8843.000     502.8739
8853.000     533.0134
8855.000     566.5616
8857.000     600.1921
8877.000     608.4046
8879.000     598.6658
8881.000     603.6573
8896.000     573.3415
8898.000     537.0628
8900.000     508.9678
8915.000     517.8973
8917.000     531.2180
8919.000     545.0894
8926.000     579.0353
8928.000     605.5075
8930.000     641.7174
8943.000     630.5136
8945.000     602.2856
8947.000     592.1024
8962.000     574.0083
8964.000     548.3589
8966.000     533.6904
8978.000     557.5595
8980.000     581.6779
8982.000     611.5562
8989.000     634.8608
8991.000     645.9528
8993.000     670.4577
9000.000     654.9268
9002.000     618.1663
9004.000     598.8285
9019.000     598.7702
9021.000     590.2282
9023.000     589.0680
9033.000     629.1665
9035.000     661.3240
9037.000     700.6283
9043.000     710.6253
9045.000     696.7857
9047.000     704.6636
9054.000     687.6234
9056.000     657.2169
9058.000     642.5877
9073.000     668.6730
9075.000     696.3046
9077.000     725.9571
9097.000     780.9166
9099.000     795.4022
9101.000     848.6014
9117.000     860.5125
9119.000     912.2387
9121.000     936.6071
9129.000     934.1984
9131.000     927.5825
9133.000     928.7197
9136.000     920.3100
9138.000     917.7372
9140.000     921.4600
9146.000     860.8663
9148.000     819.1151
9150.000     768.9145
9165.000     730.9523
9167.000     690.3806
9169.000     652.7725
9179.000     656.3803
9181.000     679.2366
9183.000     687.2443
9195.000     631.9763
9197.000     600.5248
9199.000     554.3689
9207.000     537.6871
9209.000     509.2660
9211.000     481.8362
9226.000     474.2240
9228.000     485.0082
9230.000     484.3735
9240.000     513.4166
9242.000     559.7160
9244.000     592.4898
9255.000     575.3933
9257.000     561.5976
9259.000     550.7582
9275.000     512.8313
9277.000     481.7376
9279.000     454.3270
9292.000     471.3922
9294.000     495.6354
9296.000     523.7865
9306.000     546.6096
9308.000     560.3205
9310.000     586.0112
9320.000     565.7880
9322.000     523.6133
9324.000     506.8192
9339.000     478.5848
9341.000     467.1460
9343.000     444.7082
9355.000     471.1399
9357.000     500.1761
9367.000     533.5307
9369.000     515.4148
9371.000     476.3729
9373.000     461.3768
9390.000     406.3031
9392.000     379.6458
9402.000     339.6760
9404.000     312.8365
9406.000     320.6082
9408.000     305.0901
9428.000     311.9949
9430.000     339.2353
9432.000     353.2895
9447.000     345.0742
9449.000     313.8875
9451.000     312.3789
9464.000     314.9954
9466.000     319.8243
9468.000     325.8035
9484.000     364.4860
9486.000     388.2720
9496.000     433.3987
9498.000     442.3516
9500.000     489.5875
9502.000     515.8657
9517.000     544.8403
9519.000     545.3557
9521.000     578.2714
9527.000     578.6231
9529.000     609.0409
9531.000     617.5998
9541.000     665.8310
9543.000     692.5567
9545.000     734.9521
9562.000     765.4108
9564.000     806.7961
9566.000     844.5508
9572.000     892.3080
9574.000     932.4573
9584.000     934.9741
9586.000     912.3749
9588.000     901.0472
9590.000     886.5954
9602.000     925.8921
9604.000     950.1313
9606.000     995.0631
9621.000     990.6348
9623.000    1005.7011
9625.000    1007.3521
9632.000    1053.7765
9634.000    1042.7017
9636.000    1086.3997
9642.000    1144.9500
9644.000    1141.4500
9646.000    1205.2876
9657.000    1259.3936
9659.000    1240.8775
9661.000    1299.9783
9679.000    1376.6954
9681.000    1458.2140
9683.000    1574.1423
9689.000    1598.8701
9691.000    1681.7389
9693.000    1737.6285
9710.000    1639.0064
9712.000    1532.6996
9714.000    1480.8644
9727.000    1473.4894
9729.000    1463.5559
9731.000    1459.9702
9742.000    1390.7525
9744.000    1394.7293
9746.000    1341.0261
9759.000    1319.2956
9761.000    1261.7651
9763.000    1244.1657
9778.000    1255.9932
9780.000    1278.4219
9782.000    1291.5849
9789.000    1231.3367
9791.000    1238.0603
9793.000    1188.2863
9805.000    1160.6492
9807.000    1196.5630
9809.000    1175.3842
9815.000    1139.1304
9817.000    1161.3625
9819.000    1134.3811
9830.000    1078.1139
9832.000    1072.5074
9834.000    1018.1859
9849.000     967.6231
9851.000     984.5697
9853.000     947.7137
9863.000     925.1997
9865.000     961.5156
9867.000     947.1964
9877.000     908.0123
9879.000     917.8706
9881.000     885.8689
9887.000     833.6550
9889.000     828.8799
9891.000     785.6732
9898.000     766.5739
9900.000     820.9680
9902.000     820.0621
9918.000     816.8111
9920.000     818.5950
9922.000     816.2120
9933.000     762.8734
9935.000     763.1521
9945.000     720.5978
9947.000     699.7860
9949.000     679.4488
9951.000     669.5429
9957.000     657.1694
9959.000     663.2697
9961.000     658.2534
9971.000     616.9280
9973.000     595.9227
9975.000     558.4587
9988.000     531.4921
9990.000     513.9125
9992.000     488.5547
10005.000     466.3010
10007.000     466.1933
10009.000     455.5458
10021.000     465.9061
10023.000     475.1594
10025.000     492.8935
10043.000     494.3446
10045.000     529.4111
10047.000     535.7103
10054.000     589.1644
10056.000     593.5151
10058.000     635.3426
10066.000     646.6753
10068.000     686.8958
10078.000     709.5450
10080.000     727.5542
10082.000     737.4891
10084.000     762.3567
10104.000     738.3776
10106.000     698.6835
10108.000     683.6001
10121.000     660.3998
10123.000     655.5817
10125.000     645.3788
10128.000     680.4337
10130.000     664.2297
10132.000     696.2097
10150.000     670.5181
10152.000     700.8693
10154.000     684.0619
10171.000     675.3661
10173.000     637.1614
10175.000     626.0988
10188.000     623.4271
10190.000     616.6643
10192.000     622.2987
10198.000     635.5809
10200.000     662.9330
10202.000     681.0860
10209.000     702.9864
10211.000     698.5207
10213.000     722.5985
10220.000     736.6255
10222.000     777.7796
10224.000     799.8369
10239.000     815.9838
10241.000     808.6854
10243.000     824.8582
10258.000     856.6627
10260.000     902.8629
10262.000     942.5473
10279.000     951.9924
10281.000     979.3464
10283.000     993.2028
10303.000    1054.2188
10305.000    1089.8571
10307.000    1145.6550
10310.000    1181.1667
10312.000    1216.5273
10314.000    1261.0356
10322.000    1250.0771
10324.000    1229.8211
10326.000    1216.0267
10338.000    1239.4045
10340.000    1267.0013
10342.000    1293.8609
10354.000    1267.5780
10356.000    1261.4406
10366.000    1238.8962
10368.000    1264.5478
10370.000    1317.9404
10372.000    1349.5867
10390.000    1330.6820
10392.000    1319.1259
10394.000    1300.6152
10402.000    1240.4211
10404.000    1207.8343
10406.000    1156.2253
10418.000    1154.4681
10420.000    1186.3318
10422.000    1193.6653
10432.000    1206.9229
10434.000    1238.7740
10436.000    1254.1646
10442.000    1211.0017
10444.000    1182.6102
10446.000    1142.4452
10452.000    1102.5839
10454.000    1089.6687
10456.000    1058.6500
10471.000    1078.0641
10473.000    1120.9171
10475.000    1148.9450
10481.000    1152.0452
10483.000    1147.1454
10485.000    1154.6440
10495.000    1119.8822
10497.000    1096.3999
10499.000    1065.8242
10514.000    1062.5924
10516.000    1094.6587
10518.000    1101.6953
10536.000    1141.6923
10538.000    1191.3930
10540.000    1250.2914
10550.000    1204.5555
10552.000    1132.7937
10554.000    1100.1368
10572.000    1080.9908
10574.000    1102.9689
10576.000    1100.2423
10596.000    1036.2994
10598.000    1000.5105
10600.000     947.4170
10607.000     911.7459
10609.000     933.5918
10611.000     916.8738
10626.000     923.6902
10628.000     881.0184
10630.000     882.7593
10643.000     841.2511
10645.000     856.0513
10647.000     823.7417
10663.000     817.2814
10665.000     775.4176
10667.000     769.4326
10679.000     811.7667
10681.000     835.6217
10683.000     891.0311
10691.000     881.3601
10693.000     831.6654
10695.000     825.0341
10715.000     815.3921
10717.000     802.0612
10719.000     794.5891
10726.000     841.9493
10728.000     852.7444
10738.000     899.6018
10740.000     896.1619
10742.000     948.2318
10744.000     965.3584
10754.000     963.5389
10756.000     919.0474
10758.000     912.8888
10761.000     867.6084
10763.000     857.1471
10765.000     830.2323
10781.000     846.0942
10783.000     813.1703
10785.000     825.5586
10803.000     839.3652
10805.000     876.6999
10807.000     900.7992
10819.000     906.0035
10821.000     904.0028
10823.000     919.2889
10826.000     935.2743
10828.000     958.6813
10830.000     983.3900
10845.000     975.0830
10847.000     967.5449
10849.000     977.8614
10859.000    1029.1079
10861.000    1072.4559
10863.000    1138.9711
10880.000    1160.5118
10882.000    1133.2847
10884.000    1152.7740
10897.000    1114.7375
10899.000    1153.7645
10909.000    1129.0294
10911.000    1069.1665
10913.000    1039.2874
10923.000     995.0518
10925.000    1007.1113
10927.000     957.6335
10929.000     957.5656
10939.000     936.3180
10941.000     941.6584
10943.000     929.7532
10955.000     920.2458
10957.000     884.8670
10959.000     883.8164
10971.000     935.7250
10973.000     986.5597
10983.000    1053.5379
10985.000    1045.2262
10987.000    1079.2291
10989.000    1082.8722
10992.000    1013.6334
10994.000     963.8140
10996.000     907.9453
10999.000     919.3674
11001.000     886.1250
11003.000     894.4588
11011.000     911.2751
11013.000     906.6236
11015.000     922.4979
11030.000     979.2868
11032.000    1015.3568
11034.000    1070.3087
11040.000    1064.7832
11042.000    1113.7465
11044.000    1127.5302
11062.000    1139.3610
11064.000    1129.8623
11066.000    1141.4256
11078.000    1170.2779
11080.000    1217.1586
11082.000    1250.9099
11095.000    1204.8248
11097.000    1164.8128
11099.000    1124.9723
11119.000    1073.0874
11121.000    1032.6204
11123.000     980.6427
11129.000     951.2021
11131.000     908.5852
11133.000     878.1853
11145.000     826.4235
11147.000     797.8099
11149.000     751.5150
11156.000     740.8318
11158.000     716.4452
11160.000     702.4699
11173.000     663.5825
11175.000     653.4682
11177.000     615.4293
11192.000     620.0857
11194.000     600.7531
11196.000     608.7073
11203.000     565.1267
11205.000     556.8547
11207.000     519.0185
11217.000     539.4546
11219.000     524.0553
11221.000     544.3316
11231.000     515.9427
11233.000     530.9960
11235.000     509.0065
11245.000     493.4966
11247.000     509.9758
11249.000     499.2084
11255.000     457.5673
11257.000     439.7542
11259.000     403.5822
11274.000     375.3325
11276.000     380.6388
11278.000     359.6643
11284.000     349.1465
11286.000     365.5509
11288.000     360.7651
11299.000     341.3323
11301.000     340.8241
11303.000     323.8000
11309.000     291.9659
11311.000     287.3589
11313.000     265.5360
11333.000     258.2409
11335.000     268.8511
11337.000     262.5032
11343.000     256.8777
11345.000     271.1558
11347.000     268.8584
11367.000     240.6690
11369.000     231.3674
11371.000     208.0826
11386.000     186.5568
11388.000     185.2532
11390.000     168.9360
11398.000     166.4631
11400.000     186.3559
11402.000     190.5861
11415.000     181.5325
11417.000     184.6765
11419.000     178.6800
11437.000     154.0760
11439.000     143.2564
11441.000     121.9814
11457.000     112.6717
11459.000     118.0412
11461.000     115.3061
11469.000     112.1963
11471.000     123.1734
11473.000     133.3541
11488.000     108.7069
11490.000     101.8126
11492.000      88.8815
11505.000      71.3907
11507.000      71.2276
11509.000      60.8989
11526.000      55.1905
11528.000      62.3987
11530.000      60.0390
11536.000      53.1159
11538.000      55.0155
11540.000      51.5341
11558.000      44.2988
11560.000      42.1490
11562.000      37.9583
11582.000      40.8941
11584.000      47.6537
11586.000      52.4717
11592.000      53.6910
11594.000      54.9482
11596.000      57.7208
11612.000      51.4170
11614.000      43.9807
11616.000      39.3027
11628.000      36.4421
11630.000      36.1222
11632.000      35.6986
11645.000      41.3958
11647.000      48.0629
11649.000      55.4242
11669.000      54.5486
11671.000      50.0173
11673.000      49.9236
11690.000      43.7083
11692.000      36.4478
11694.000      31.5006
11706.000      34.1584
11708.000      39.8984
11710.000      46.6581
11713.000      53.1633
11715.000      55.0288
11717.000      63.0327
11728.000      60.9197
11730.000      54.6823
11732.000      55.6297
11735.000      49.1461
11737.000      44.0562
11739.000      40.9612
11752.000      30.5283
11754.000      30.6108
11756.000      24.9361
11767.000      24.9255
11769.000      21.2542
11771.000      23.1170
11782.000      27.3663
11784.000      27.8436
11786.000      34.9895
11789.000      39.4957
11791.000      38.0999
11793.000      45.0668
11804.000      52.4199
11806.000      50.4452
11808.000      61.0431
11824.000      69.6020
11826.000      68.6197
11828.000      75.2038
11835.000      77.5232
11837.000      75.1433
11839.000      82.5078
11850.000      88.9446
11852.000      84.7369
11854.000      94.5942
11860.000     104.3067
11862.000      99.3253
11864.000     109.7617
11884.000     118.6630
11886.000     112.6432
11888.000     124.5543
11899.000     139.5714
11901.000     136.4761
11903.000     151.8551
11911.000     166.3928
11913.000     159.4500
11915.000     174.1271
11928.000     186.6269
11930.000     177.9191
11932.000     191.6297
11938.000     210.5997
11940.000     204.8508
11942.000     224.5015
11948.000     242.9558
11950.000     234.1540
11952.000     251.8298
11967.000     271.0886
11969.000     263.6235
11971.000     283.5670
11982.000     307.8170
11984.000     302.4289
11986.000     326.8433
12004.000     344.7755
12006.000     333.3336
12008.000     352.9407
12016.000     376.9469
12018.000     370.4274
12020.000     396.6690
12037.000     421.8806
12039.000     414.7165
12041.000     439.3454
12052.000     455.7019
12054.000     437.8961
12056.000     459.4411
12067.000     484.9592
12069.000     471.7005
12071.000     500.1880
12083.000     545.8743
12085.000     555.6486
12087.000     607.8279
12090.000     642.0587
12092.000     647.3328
12094.000     717.0148
12106.000     775.7483
12109.000     263.1799
12113.000     276.3869
12126.000     262.9617
12128.000     272.3500
12130.000     292.5249
12150.000     294.1096
12152.000     295.1029
12154.000     302.8785
12165.000     287.5471
12167.000     302.1142
12169.000     292.7633
12184.000     307.2883
12186.000     295.5649
12188.000     308.4200
12200.000     307.8247
12202.000     329.4463
12204.000     330.3493
12217.000     336.4044
12219.000     327.1394
12221.000     334.0160
12236.000     339.6346
12238.000     359.4448
12240.000     367.1454
12253.000     371.4448
12255.000     357.1711
12257.000     357.2175
12263.000     365.0859
12265.000     383.6336
12267.000     396.8444
12270.000     415.4725
12272.000     430.7637
12274.000     453.3664
12287.000     443.3735
12289.000     421.9705
12291.000     412.4413
12298.000     402.6040
12300.000     386.4322
12302.000     377.4139
12305.000     397.7139
12307.000     417.6039
12309.000     441.2861
12319.000     459.5418
12321.000     462.3732
12323.000     478.9426
12336.000     468.2033
12338.000     442.6527
12340.000     431.3060
12355.000     426.5875
12357.000     419.4678
12359.000     417.5271
12362.000     444.8881
12364.000     467.0951
12366.000     496.3490
12372.000     508.9808
12374.000     502.1475
12376.000     512.0034
12394.000     497.3663
12396.000     469.9143
12398.000     455.9727
12414.000     470.2719
12416.000     474.8588
12418.000     490.6160
12438.000     522.7108
12440.000     537.9226
12442.000     568.5320
12453.000     569.8016
12455.000     548.7204
12457.000     547.9226
12469.000     541.0183
12471.000     516.8884
12473.000     509.0548
12488.000     531.6468
12490.000     547.5592
12492.000     572.1849
12499.000     603.2194
12501.000     613.6131
12503.000     642.3873
12511.000     631.9674
12513.000     598.3720
12515.000     586.6909
12526.000     583.9715
12528.000     575.2974
12530.000     575.7577
12543.000     618.2572
12545.000     646.7917
12547.000     691.5097
12550.000     705.1767
12552.000     682.0273
12554.000     692.4159
12569.000     715.4013
12571.000     742.1750
12573.000     767.9160
12581.000     754.8908
12583.000     772.6814
12593.000     767.6169
12595.000     773.0446
12597.000     790.0310
12599.000     798.9106
12609.000     772.1996
12611.000     746.2568
12613.000     723.1268
12616.000     730.8100
12618.000     761.0319
12620.000     776.5973
12627.000     765.6205
12629.000     756.3363
12631.000     749.0686
12648.000     791.0956
12650.000     804.4034
12652.000     845.9439
12665.000     841.6498
12667.000     785.6908
12669.000     776.6244
12672.000     801.3232
12674.000     795.0848
12676.000     836.0232
12684.000     799.3565
12686.000     742.0336
12688.000     712.1097
12695.000     691.0552
12697.000     696.0512
12699.000     679.7888
12707.000     628.2248
12709.000     607.2663
12711.000     566.9813
12726.000     548.9684
12728.000     575.0014
12730.000     564.8837
12743.000     554.2937
12745.000     572.6791
12747.000     572.6036
12762.000     561.4986
12764.000     561.0861
12766.000     557.0538
12777.000     523.0887
12779.000     508.1686
12781.000     474.8057
12801.000     470.9272
12803.000     500.6620
12805.000     508.1310
12820.000     479.6020
12822.000     466.7083
12824.000     441.9330
12834.000     410.8468
12836.000     400.2165
12838.000     372.0794
12850.000     373.1899
12852.000     399.1519
12854.000     404.9265
12871.000     430.4798
12873.000     452.8676
12875.000     481.0726
12892.000     482.2891
12894.000     496.1772
12896.000     508.2397
12906.000     545.0650
12908.000     565.1101
12910.000     608.8837
12921.000     634.4612
12923.000     673.4151
12925.000     713.1767
12931.000     764.4138
12933.000     811.0820
12935.000     870.6127
12945.000     884.9337
12947.000     922.1345
12949.000     943.1322
12952.000     900.2747
12954.000     875.8777
12956.000     845.7207
12966.000     796.6583
12968.000     770.0561
12970.000     735.5421
12988.000     693.9358
12990.000     670.4016
12992.000     633.8361
13009.000     626.9225
13011.000     592.5016
13013.000     581.6651
13025.000     545.3930
13027.000     537.5729
13037.000     506.7042
13039.000     482.7553
13041.000     453.6707
13043.000     430.1718
13063.000     415.4666
13065.000     439.3938
13067.000     427.4922
13073.000     431.9438
13075.000     410.9235
13077.000     415.1348
13092.000     415.6618
13094.000     434.0220
13096.000     442.5416
13111.000     442.7929
13113.000     430.1427
13115.000     429.8003
13127.000     433.3119
13129.000     456.0005
13131.000     461.9318
13139.000     482.6607
13141.000     480.4095
13143.000     504.8126
13158.000     549.8291
13160.000     556.4904
13162.000     598.5911
13173.000     612.3419
13175.000     644.8854
13185.000     664.8388
13187.000     678.3823
13189.000     686.8729
13191.000     700.8647
13194.000     670.8233
13196.000     632.4734
13198.000     605.5849
13208.000     603.3149
13210.000     604.9773
13212.000     609.3633
13225.000     633.9232
13227.000     654.5414
13229.000     688.5961
13237.000     686.7467
13239.000     666.0884
13241.000     670.8808
13248.000     655.8028
13250.000     627.5881
13252.000     622.3580
13264.000     652.8351
13266.000     671.4946
13268.000     715.4852
13288.000     756.3959
13290.000     761.7914
13292.000     808.8246
13299.000     803.3450
13301.000     800.3934
13303.000     812.3882
13306.000     802.4610
13308.000     830.2587
13318.000     845.5417
13320.000     792.9463
13322.000     741.7438
13324.000     701.1734
13340.000     676.5230
13342.000     679.2042
13344.000     663.4266
13347.000     669.5858
13349.000     694.7234
13351.000     705.8032
13364.000     683.2669
13366.000     660.7476
13368.000     646.2729
13383.000     625.9764
13385.000     613.1611
13387.000     595.8103
13403.000     613.2780
13405.000     602.1967
13407.000     619.8515
13427.000     609.1903
13429.000     650.5272
13439.000     656.9545
13441.000     603.7598
13443.000     571.6834
13445.000     530.7356
13453.000     489.1906
13455.000     484.7256
13457.000     455.6727
13467.000     471.9775
13469.000     508.2728
13471.000     521.2869
13487.000     514.3134
13489.000     493.0795
13491.000     487.8771
13503.000     495.0964
13505.000     504.0235
13507.000     516.2750
13523.000     534.4742
13525.000     537.3601
13527.000     558.5361
13530.000     605.5971
13532.000     643.5136
13534.000     700.2060
13547.000     756.4112
13549.000     739.0715
13551.000     818.6174
13558.000     747.9381
13560.000     754.1154
13562.000     716.5354
13565.000     690.8288
13567.000     613.9232
13569.000     613.9598
13575.000     541.8421
13577.000     498.5750
13579.000     476.3758
13582.000     459.6854
13584.000     457.9375
13586.000     456.3724
13596.000     446.6707
13598.000     453.5183
13600.000     457.1873
13610.000     411.5113
13612.000     381.9502
13614.000     345.7471
13634.000     335.4794
13636.000     341.1279
13638.000     337.3415
13644.000     361.4618
13646.000     395.5702
13648.000     423.6027
13666.000     410.6704
13668.000     388.8121
13670.000     376.7453
13673.000     345.8630
13675.000     333.1806
13677.000     308.9994
13690.000     315.5600
13692.000     334.7473
13694.000     349.6419
13711.000     391.3376
13713.000     399.3423
13715.000     441.4456
13725.000     456.2457
13727.000     442.2305
13729.000     460.1688
13740.000     447.7854
13742.000     421.2387
13744.000     413.4378
13747.000     414.8050
13749.000     412.2381
13751.000     422.9138
13757.000     451.7449
13759.000     456.3589
13761.000     486.9276
13772.000     490.6308
13774.000     466.6874
13776.000     471.5892
13791.000     448.2821
13793.000     424.5396
13795.000     392.4034
13807.000     371.7477
13809.000     377.9459
13811.000     369.0271
13819.000     384.6205
13821.000     414.4423
13823.000     434.9885
13830.000     423.5561
13832.000     409.1368
13834.000     397.1777
13846.000     369.0744
13848.000     349.2058
13850.000     325.2671
13865.000     334.1037
13867.000     359.6885
13869.000     372.8309
13877.000     380.5127
13879.000     390.5939
13881.000     399.1530
13893.000     374.4157
13895.000     352.5396
13897.000     329.0478
13909.000     319.1854
13911.000     319.2706
13913.000     314.8828
13933.000     332.4827
13935.000     356.6337
13937.000     378.9186
13955.000     378.1597
13957.000     372.8392
13959.000     371.6721
13970.000     347.5359
13972.000     325.0651
13974.000     302.8582
13981.000     305.8330
13983.000     319.0441
13985.000     329.3924
13996.000     349.7202
13998.000     362.4458
14000.000     384.7316
14007.000     371.4471
14009.000     344.7087
14011.000     332.9067
14018.000     329.2992
14020.000     334.1018
14022.000     330.2285
14030.000     305.2858
14032.000     295.4558
14034.000     277.5998
14041.000     267.9721
14043.000     260.6145
14045.000     251.4533
14060.000     231.1191
14062.000     231.4787
14064.000     214.5975
14077.000     206.2911
14079.000     218.2511
14081.000     214.0797
14084.000     226.7266
14086.000     222.6319
14088.000     234.3652
14104.000     235.9181
14106.000     256.8398
14108.000     262.4997
14121.000     274.7568
14123.000     263.7967
14125.000     272.9440
14140.000     276.0140
14142.000     295.2815
14144.000     303.7914
14154.000     308.8667
14156.000     299.1374
14158.000     303.5862
14171.000     298.2728
14173.000     307.0358
14175.000     301.3571
14182.000     291.8446
14184.000     275.6215
14186.000     262.4454
14201.000     274.8403
14203.000     291.4881
14205.000     309.0358
14208.000     327.5757
14210.000     342.4753
14212.000     368.4350
14215.000     367.4550
14217.000     373.7012
14219.000     390.2965
14222.000     366.8950
14224.000     376.6224
14226.000     372.7554
14236.000     359.6228
14238.000     359.4150
14240.000     349.3447
14243.000     324.0265
14245.000     311.6732
14247.000     287.5456
14254.000     281.8520
14256.000     292.9297
14258.000     290.9950
14261.000     294.1829
14263.000     311.3630
14265.000     317.5623
14278.000     301.8796
14280.000     296.3471
14282.000     282.0477
14285.000     257.7801
14287.000     248.5687
14289.000     228.4634
14299.000     229.0704
14301.000     245.7702
14303.000     249.8542
14318.000     251.3764
14320.000     262.2794
14322.000     266.0271
14337.000     245.1107
14339.000     232.6999
14341.000     212.3722
14356.000     197.9494
14358.000     197.6897
14360.000     187.5860
14367.000     193.0532
14369.000     211.7497
14371.000     220.4888
14389.000     218.6629
14391.000     219.8369
14393.000     218.0201
14408.000     198.6961
14410.000     186.7347
14412.000     168.9722
14432.000     164.3159
14434.000     174.2495
14436.000     174.8384
14447.000     180.5118
14449.000     190.4445
14451.000     199.6295
14462.000     191.4953
14464.000     183.8879
14466.000     179.2650
14483.000     164.0723
14485.000     150.8174
14495.000     138.9157
14497.000     134.3314
14499.000     135.7227
14501.000     133.3459
14509.000     143.0783
14511.000     153.7405
14513.000     165.6250
14533.000     162.9113
14535.000     164.3901
14537.000     160.3735
14552.000     168.9168
14554.000     160.7430
14556.000     168.3025
14569.000     170.4775
14571.000     187.1957
14573.000     194.0504
14583.000     207.3708
14585.000     209.2333
14587.000     223.1504
14597.000     229.4348
14599.000     248.3478
14601.000     257.8776
14617.000     257.0298
14619.000     246.2634
14621.000     243.8027
14628.000     251.3918
14630.000     268.3435
14632.000     277.5888
14644.000     270.4332
14646.000     267.3936
14648.000     262.0189
14661.000     281.0758
14663.000     283.3777
14673.000     305.0006
14675.000     308.0453
14677.000     328.9633
14679.000     338.5235
14686.000     361.9547
14688.000     368.2251
14698.000     392.4964
14700.000     414.6948
14702.000     410.5599
14704.000     433.9188
14722.000     451.1553
14724.000     440.6398
14726.000     457.6242
14738.000     464.8537
14740.000     456.4355
14742.000     463.6290
14749.000     483.6389
14751.000     486.7824
14753.000     504.9870
14761.000     488.8402
14763.000     456.7327
14765.000     441.3048
14775.000     411.6743
14777.000     409.1126
14779.000     388.3215
14791.000     365.1007
14793.000     371.7071
14795.000     354.3691
14807.000     331.6782
14809.000     331.3920
14811.000     314.2349
14822.000     288.3178
14824.000     282.0856
14834.000     260.8279
14836.000     251.7015
14838.000     264.1610
14840.000     258.5836
14857.000     252.6631
14859.000     266.1014
14861.000     263.7118
14871.000     245.5321
14873.000     242.7901
14875.000     227.8264
14881.000     209.5218
14883.000     206.6438
14885.000     190.8883
14895.000     188.0686
14897.000     201.8271
14899.000     201.8431
14914.000     198.0389
14916.000     203.9190
14918.000     201.1326
14925.000     182.5730
14927.000     177.0959
14929.000     161.6521
14941.000     148.1268
14943.000     149.7494
14945.000     140.4122
14958.000     138.3012
14960.000     149.4827
14962.000     149.1954
14975.000     146.2439
14977.000     151.8017
14979.000     151.6248
14994.000     136.0167
14996.000     126.5914
14998.000     113.4430
15010.000     105.2573
15012.000     107.4848
15014.000     101.9586
15025.000     107.8051
15027.000     117.2502
15029.000     125.9889
15039.000     130.7294
15041.000     127.9988
15043.000     133.1296
15053.000     123.1196
15055.000     127.9658
15057.000     121.5883
15065.000     126.6290
15067.000     139.0286
15069.000     147.5704
15080.000     157.5893
15082.000     160.0092
15084.000     171.4229
15094.000     180.1957
15096.000     197.2906
15098.000     209.1610
15115.000     213.5626
15117.000     207.5023
15119.000     212.1962
15126.000     230.7222
15128.000     250.5965
15130.000     272.0912
15145.000     278.2272
15147.000     287.1818
15149.000     289.9485
15157.000     312.3553
15159.000     320.3171
15161.000     341.9256
15171.000     345.4565
15173.000     328.3672
15175.000     329.8893
15186.000     335.1631
15188.000     325.6419
15190.000     331.2210
15196.000     353.6502
15198.000     358.2318
15200.000     381.3768
15215.000     403.8665
15217.000     401.5255
15219.000     421.6989
15236.000     425.3350
15238.000     405.7583
15240.000     410.1503
15248.000     422.9121
15250.000     415.6309
15252.000     430.1457
15267.000     459.3667
15269.000     464.6493
15271.000     494.4183
15278.000     510.2228
15280.000     496.6887
15282.000     512.1253
15298.000     517.7307
15300.000     497.4401
15302.000     501.6934
15322.000     508.9353
15324.000     493.6386
15326.000     502.1371
15336.000     529.8214
15338.000     532.5995
15340.000     561.3871
15355.000     585.3247
15357.000     575.1707
15359.000     596.0504
15377.000     614.6698
15379.000     601.5507
15381.000     619.8387
15396.000     619.4532
15398.000     653.9290
15400.000     662.0971
15410.000     653.7660
15412.000     635.0873
15414.000     620.5308
15424.000     598.9087
15426.000     576.7060
15436.000     566.8873
15438.000     569.1766
15440.000     577.1199
15442.000     582.2229
15452.000     559.4558
15454.000     559.1001
15456.000     544.6300
15473.000     544.5342
15475.000     568.3256
15477.000     576.9325
15480.000     565.6673
15482.000     563.0896
15484.000     552.9019
15492.000     521.9886
15494.000     506.2163
15496.000     480.0050
15511.000     474.7146
15513.000     487.7343
15515.000     486.4544
15525.000     494.9519
15527.000     512.9407
15529.000     522.7710
15542.000     500.3511
15544.000     481.0634
15546.000     458.1271
15561.000     430.9489
15563.000     422.6286
15565.000     398.9133
15577.000     404.1890
15579.000     427.4631
15581.000     435.4886
15588.000     437.6328
15590.000     447.9830
15592.000     450.0940
15598.000     419.8334
15600.000     397.2378
15602.000     368.0074
15612.000     355.5754
15614.000     359.5714
15616.000     351.7755
15629.000     365.5751
15631.000     390.7268
15633.000     406.3137
15640.000     394.2672
15642.000     388.6051
15644.000     378.8087
15647.000     352.8948
15649.000     334.0613
15651.000     310.7873
15663.000     312.2229
15665.000     331.0012
15667.000     336.1862
15677.000     356.9965
15679.000     370.6534
15681.000     394.1547
15691.000     386.0875
15693.000     366.4315
15695.000     359.0705
15702.000     344.1703
15704.000     335.9388
15706.000     328.8608
15721.000     353.3593
15723.000     367.8194
15725.000     392.3849
15745.000     406.4112
15747.000     402.8318
15749.000     419.4476
15765.000     403.3843
15767.000     416.1290
15777.000     409.9865
15779.000     415.6677
15781.000     401.3038
15783.000     415.7454
15786.000     403.4376
15788.000     418.0097
15790.000     424.1961
15803.000     386.6924
15805.000     361.9563
15807.000     330.5538
15822.000     312.6173
15824.000     297.8057
15826.000     282.3818
15836.000     271.3018
15838.000     262.2029
15840.000     255.1103
15846.000     246.0295
15848.000     236.6872
15850.000     228.6669
15858.000     217.1419
15860.000     216.0129
15862.000     208.3844
15877.000     191.3544
15879.000     185.0111
15881.000     170.9273
15901.000     165.3206
15903.000     173.7028
15905.000     172.3037
15923.000     170.5201
15925.000     176.6410
15927.000     176.7873
15942.000     156.7935
15944.000     150.0379
15946.000     134.6647
15952.000     121.0858
15954.000     123.8600
15956.000     116.7056
15968.000     119.4671
15970.000     128.9474
15972.000     134.1444
15982.000     130.7343
15984.000     129.2887
15986.000     129.9183
15999.000     115.3984
16001.000     104.0936
16003.000      92.3671
16015.000      81.3786
16017.000      78.4153
16027.000      70.7805
16029.000      60.3664
16031.000      59.8187
16033.000      52.6857
16049.000      55.8792
16051.000      52.5544
16061.000      58.2236
16063.000      64.9782
16065.000      63.0799
16067.000      70.7513
16087.000      77.9335
16089.000      76.6216
16091.000      84.1950
16106.000      94.9047
16108.000     100.8278
16110.000     112.2357
16123.000     125.4687
16125.000     126.1491
16127.000     141.4673
16143.000     151.5329
16145.000     157.2411
16147.000     168.5131
16163.000     184.9817
16165.000     190.9830
16167.000     209.1876
16180.000     223.7391
16182.000     237.5712
16192.000     254.8421
16194.000     271.1262
16196.000     287.1729
16198.000     307.1677
16201.000     331.2097
16203.000     354.3415
16205.000     385.0306
16221.000     402.5164
16223.000     421.9027
16225.000     444.6542
16231.000     471.3597
16233.000     498.8553
16243.000     506.7327
16245.000     503.4066
16247.000     498.8321
16249.000     500.9933
16264.000     535.1661
16266.000     546.0205
16268.000     580.6246
16278.000     580.2310
16280.000     612.0789
16282.000     621.8843
16289.000     640.2291
16291.000     644.4536
16293.000     666.6671
16313.000     703.8238
16315.000     724.5561
16317.000     771.0075
16320.000     767.7992
16322.000     771.6694
16324.000     797.8422
16331.000     771.0227
16333.000     776.6768
16335.000     785.6768
16348.000     824.6279
16350.000     847.5320
16352.000     902.3761
16365.000     874.3130
16367.000     821.4227
16369.000     785.9603
16386.000     794.7009
16388.000     779.6827
16390.000     788.1088
16410.000     770.8795
16412.000     788.9320
16414.000     775.7110
16420.000     733.1131
16422.000     705.1727
16424.000     665.5167
16439.000     660.0107
16441.000     636.4635
16443.000     629.6096
16453.000     587.4673
16455.000     576.7005
16457.000     540.0293
16469.000     518.9176
16471.000     532.6158
16481.000     516.5942
16483.000     508.5773
16485.000     529.6295
16487.000     525.4499
16498.000     501.9038
16500.000     505.1739
16502.000     485.6674
16517.000     451.8667
16519.000     445.0593
16521.000     415.9281
16531.000     404.8912
16533.000     422.5262
16535.000     416.6577
16548.000     412.3270
16550.000     427.7362
16552.000     425.4509
16565.000     398.9113
16567.000     391.4883
16569.000     368.8147
16582.000     343.0165
16584.000     341.4308
16586.000     321.6014
16602.000     321.5150
16604.000     338.6326
16606.000     342.5728
16614.000     326.6377
16616.000     315.6897
16618.000     304.5917
16625.000     319.4100
16627.000     345.0919
16629.000     368.9101
16647.000     370.3410
16649.000     359.2377
16651.000     361.5700
16661.000     337.0463
16663.000     314.7770
16665.000     295.0460
16678.000     296.9088
16680.000     292.9598
16682.000     296.2725
16695.000     283.4446
16697.000     273.7469
16699.000     262.4885
16705.000     263.2101
16707.000     262.1937
16709.000     266.6938
16715.000     252.8835
16717.000     243.5913
16719.000     231.0640
16726.000     232.9365
16728.000     225.9602
16730.000     229.6027
16738.000     211.3933
16740.000     211.9198
16750.000     198.9705
16752.000     198.2811
16754.000     212.0784
16756.000     215.1739
16776.000     208.6632
16778.000     206.8618
16780.000     199.2555
16793.000     180.7238
16795.000     174.7063
16797.000     159.9997
16800.000     157.0242
16802.000     149.4159
16804.000     149.6105
16824.000     149.8137
16826.000     157.3501
16828.000     156.6219
16845.000     143.0639
16847.000     134.9800
16849.000     124.7262
16864.000     132.7750
16866.000     141.2162
16868.000     151.3518
16878.000     164.9407
16880.000     178.0354
16882.000     192.8142
16894.000     202.0254
16896.000     211.7302
16898.000     225.9928
16904.000     245.3599
16906.000     262.4877
16908.000     284.1415
16914.000     298.7419
16916.000     315.1070
16918.000     333.6917
16933.000     360.6352
16935.000     375.3742
16937.000     405.5125
16953.000     425.5071
16955.000     450.6490
16957.000     471.8378
16977.000     511.7513
16979.000     537.0918
16981.000     578.0927
16984.000     586.6224
16986.000     637.0031
16988.000     661.0021
17008.000     657.3373
17010.000     613.6918
17012.000     604.4006
17025.000     594.0437
17027.000     605.2730
17029.000     602.2331
17036.000     556.1678
17038.000     540.3224
17040.000     502.9564
17053.000     499.2051
17055.000     529.1096
17057.000     536.2933
17075.000     532.9527
17077.000     543.7711
17079.000     541.9658
17090.000     499.6656
17092.000     476.8974
17094.000     439.6533
17106.000     412.4474
17108.000     415.1814
17110.000     396.7429
17118.000     399.2609
17120.000     429.5715
17122.000     439.1302
17133.000     422.7064
17135.000     426.3634
17137.000     417.3995
17150.000     385.1735
17152.000     370.0209
17154.000     342.1910
17167.000     331.0719
17169.000     343.2705
17171.000     338.3302
17186.000     344.2616
17188.000     364.7538
17190.000     373.3559
17200.000     355.7964
17202.000     348.7188
17204.000     334.4969
17216.000     311.2125
17218.000     302.5936
17220.000     283.9784
17233.000     285.2497
17235.000     303.1369
17237.000     310.0008
17247.000     312.3193
17249.000     320.5694
17251.000     324.7225
17269.000     304.0009
17271.000     284.8549
17273.000     264.9963
17283.000     246.9396
17285.000     252.8182
17287.000     240.6190
17294.000     224.3295
17296.000     228.2874
17298.000     217.9391
17305.000     201.8102
17307.000     201.3572
17309.000     190.4982
17326.000     177.3741
17328.000     178.4649
17330.000     167.1323
17346.000     155.4493
17348.000     141.4205
17350.000     129.2760
17362.000     131.5629
17364.000     129.8535
17366.000     136.0005
17377.000     125.9799
17379.000     111.8046
17381.000     103.1714
17401.000     102.3514
17403.000     110.3836
17405.000     114.7734
17420.000     130.1683
17422.000     133.5950
17432.000     151.1696
17434.000     166.7493
17436.000     163.2066
17438.000     179.8106
17448.000     170.8694
17450.000     174.4999
17452.000     171.3830
17462.000     182.5917
17464.000     196.8288
17466.000     212.1483
17478.000     218.6054
17480.000     223.3308
17482.000     231.9719
17500.000     250.6995
17502.000     266.1995
17504.000     286.8618
17514.000     295.6302
17516.000     307.0766
17518.000     321.1162
17524.000     346.5312
17526.000     366.8973
17528.000     395.3006
17540.000     411.4461
17542.000     427.5913
17544.000     449.5900
17551.000     483.5128
17553.000     513.7260
17555.000     552.9197
17563.000     565.0918
17565.000     547.1198
17567.000     561.1157
17582.000     553.0379
17584.000     578.2852
17594.000     574.3785
17596.000     575.4102
17598.000     566.6876
17608.000     576.7425
17610.000     616.9782
17612.000     630.3607
17614.000     670.1165
17634.000     686.2051
17636.000     718.1833
17638.000     739.2988
17641.000     722.0487
17643.000     690.1550
17645.000     672.8079
17660.000     678.5834
17662.000     682.2449
17664.000     687.2297
17682.000     647.8250
17684.000     622.2884
17686.000     586.8865
17699.000     560.1091
17701.000     528.1201
17703.000     498.9810
17710.000     466.7743
17712.000     443.8422
17714.000     413.7002
17720.000     391.9375
17722.000     365.0394
17724.000     342.8831
17734.000     318.3270
17736.000     305.3073
17738.000     282.9580
17754.000     264.6892
17756.000     246.5469
17758.000     228.6944
17773.000     212.7321
17775.000     205.0137
17777.000     192.3252
17780.000     174.5435
17782.000     161.1299
17784.000     146.4285
17794.000     144.1075
17796.000     141.3311
17798.000     141.0909
17805.000     133.4332
17807.000     128.6176
17809.000     122.6933
17819.000     130.9562
17821.000     144.0978
17823.000     154.2341
17829.000     160.1080
17831.000     157.6554
17833.000     163.7726
17848.000     157.3328
17850.000     144.7002
17852.000     140.9448
17865.000     154.1909
17867.000     165.2907
17869.000     178.9448
17880.000     188.6126
17882.000     189.1253
17884.000     198.7229
17899.000     187.0584
17901.000     168.9969
17903.000     160.2131
17919.000     162.7954
17921.000     163.3730
17923.000     168.9334
17941.000     185.2891
17943.000     195.7486
17945.000     213.5071
17965.000     216.5375
17967.000     208.5551
17969.000     211.4078
17984.000     205.3996
17986.000     190.8064
17988.000     187.0577
17995.000     198.9027
17997.000     205.9838
17999.000     221.5720
18010.000     239.0213
18012.000     245.1437
18014.000     264.6526
18027.000     263.0705
18029.000     243.7501
18031.000     240.6771
18047.000     243.7199
18049.000     234.9473
18051.000     238.6553
18061.000     260.0861
18063.000     271.4377
18065.000     296.2690
18071.000     309.8435
18073.000     297.8567
18075.000     309.0807
18088.000     300.9526
18090.000     281.5201
18092.000     276.1268
18108.000     280.6433
18110.000     279.1720
18112.000     287.9318
18132.000     306.8334
18134.000     317.3269
18136.000     341.9230
18156.000     350.8851
18158.000     336.1812
18160.000     343.9645
18178.000     360.0041
18180.000     359.5467
18182.000     377.2837
18188.000     374.8057
18190.000     395.9671
18192.000     401.7644
18208.000     391.8920
18210.000     376.3550
18212.000     364.0281
18227.000     384.4416
18229.000     415.0966
18231.000     437.9831
18244.000     439.6315
18246.000     434.9101
18248.000     435.3454
18268.000     403.8364
18270.000     376.8935
18272.000     350.6898
18289.000     349.8760
18291.000     357.8292
18293.000     362.0272
18303.000     392.0950
18305.000     418.1286
18307.000     451.6580
18310.000     445.7596
18312.000     420.1181
18314.000     413.6843
18325.000     396.8103
18327.000     390.1925
18329.000     380.4940
18332.000     348.4333
18334.000     333.1851
18336.000     307.0824
18349.000     305.3309
18351.000     292.0030
18353.000     292.7050
18361.000     271.9125
18363.000     277.7070
18365.000     263.5336
18376.000     234.5880
18378.000     227.1244
18380.000     205.2800
18393.000     193.1899
18395.000     201.0055
18397.000     193.3986
18408.000     188.9124
18410.000     201.7562
18412.000     199.7787
18428.000     184.9634
18430.000     183.1868
18432.000     170.5327
18442.000     154.7374
18444.000     151.9775
18446.000     138.2435
18457.000     134.8608
18459.000     146.0521
18461.000     146.8558
18467.000     143.4804
18469.000     149.5861
18471.000     149.0720
18482.000     133.4276
18484.000     127.7272
18486.000     115.6461
18493.000     104.9228
18495.000     106.4808
18497.000     100.0720
18507.000     101.5119
18509.000     112.1313
18511.000     116.0926
18524.000     110.1299
18526.000     109.1304
18528.000     104.6220
18538.000      92.2926
18540.000      86.6422
18542.000      76.8129
18550.000      75.6297
18552.000      82.8495
18554.000      84.7954
18569.000      88.0749
18571.000      93.9140
18573.000      96.8507
18585.000      87.7883
18587.000      81.6848
18589.000      74.4395
18596.000      68.2389
18598.000      67.1464
18600.000      63.1702
18611.000      68.0041
18613.000      75.7909
18615.000      82.5104
18632.000      84.8378
18634.000      83.5041
18636.000      85.7799
18649.000      79.0374
18651.000      71.7199
18653.000      66.4774
18666.000      70.7050
18668.000      75.0851
18670.000      82.4342
18687.000      96.5795
18689.000     100.2060
18691.000     116.5818
18704.000     140.4417
18706.000     145.5835
18708.000     202.3184
18716.000     256.4266
18718.000     339.0651
18720.000     446.4599
18726.000     551.2785
18728.000     535.3878
18730.000     663.9293
18740.000     661.8669
18742.000     806.9167
18744.000     906.8890
18750.000    1033.4069
