#Atom       AtomicFlx
   1.000       2.3488
   5.000       2.0990
  18.000       1.8431
  20.000       1.6776
  22.000       1.5120
  35.000       1.5405
  37.000       1.4722
  39.000       1.4896
  57.000       1.4003
  59.000       1.4033
  61.000       1.3397
  73.000       1.4416
  75.000       1.4264
  77.000       1.5458
  89.000       1.4431
  91.000       1.4953
  93.000       1.4362
 105.000       1.5259
 107.000       1.4662
 109.000       1.5403
 129.000       1.5131
 131.000       1.6135
 133.000       1.6134
 145.000       1.6556
 147.000       1.6221
 149.000       1.6737
 169.000       1.7278
 171.000       1.8038
 181.000       1.8606
 183.000       1.8206
 185.000       1.8728
 187.000       1.8700
 198.000       1.9033
 200.000       1.9067
 202.000       1.9940
 212.000       2.0464
 214.000       2.1975
 216.000       2.3224
 226.000       2.2927
 228.000       2.2702
 230.000       2.3359
 248.000       2.2248
 250.000       2.0993
 252.000       2.0733
 263.000       2.1068
 265.000       2.1110
 267.000       2.2791
 285.000       2.4268
 287.000       2.4065
 289.000       2.5817
 295.000       2.6199
 297.000       2.5269
 299.000       2.6434
 305.000       2.7484
 307.000       2.6796
 309.000       2.8843
 312.000       2.8486
 314.000       2.6542
 316.000       2.6709
 332.000       2.5426
 334.000       2.6222
 336.000       2.5213
 349.000       2.2383
 351.000       2.1362
 353.000       1.9785
 371.000       1.8353
 373.000       1.8134
 375.000       1.7783
 387.000       1.7556
 389.000       1.7732
 391.000       1.7829
 403.000       1.8949
 405.000       1.9554
 407.000       2.0752
 420.000       2.0872
 422.000       2.1344
 424.000       2.1668
 436.000       2.3204
 438.000       2.3613
 440.000       2.5174
 452.000       2.5987
 454.000       2.5118
 456.000       2.5776
 464.000       2.4521
 466.000       2.5076
 468.000       2.4335
 486.000       2.3001
 488.000       2.2860
 490.000       2.1900
 503.000       2.1280
 505.000       2.1711
 507.000       2.1565
 522.000       2.1081
 524.000       2.0179
 526.000       1.9850
 541.000       1.9906
 543.000       2.0136
 545.000       2.0211
 557.000       1.9141
 559.000       1.8630
 561.000       1.7851
 577.000       1.8886
 579.000       1.9057
 581.000       1.9923
 589.000       2.1249
 591.000       2.2018
 601.000       2.3490
 603.000       2.4797
 605.000       2.5862
 607.000       2.7647
 625.000       3.0371
 627.000       3.2034
 629.000       3.6135
 642.000       3.8358
 644.000       3.7888
 646.000       4.1797
 657.000       4.6708
 659.000       4.6880
 661.000       5.3004
 672.000       5.7373
 674.000       5.6050
 676.000       6.2213
 688.000       6.5284
 690.000       6.4557
 692.000       6.8756
 699.000       7.1653
 701.000       7.6111
 703.000       8.0696
 719.000       8.4675
 721.000       8.4648
 723.000       8.9507
 739.000       8.8822
 741.000       9.4777
 743.000       9.6950
 756.000       9.5526
 758.000       9.5243
 760.000       9.4611
 763.000       8.7297
 765.000       8.7009
 767.000       8.1444
 785.000       7.9369
 787.000       7.4204
 789.000       7.3409
 807.000       7.3026
 809.000       6.7895
 811.000       6.7706
 821.000       6.3551
 823.000       6.6963
 825.000       6.5658
 835.000       5.8177
 837.000       5.2482
 839.000       4.7223
 849.000       4.9986
 851.000       5.4368
 853.000       5.8746
 866.000       5.5881
 868.000       5.1105
 870.000       4.8965
 880.000       4.4240
 882.000       4.4348
 884.000       4.1671
 896.000       3.7476
 898.000       3.7372
 900.000       3.4799
 915.000       3.1981
 917.000       3.2731
 919.000       3.1681
 937.000       3.0922
 939.000       3.1680
 941.000       3.2249
 959.000       3.0285
 961.000       2.9050
 963.000       2.7920
 976.000       2.5996
 978.000       2.5500
 980.000       2.4504
 990.000       2.3918
 992.000       2.3418
 994.000       2.3454
1012.000       2.3670
1014.000       2.3353
1016.000       2.3808
1024.000       2.3079
1026.000       2.1509
1028.000       2.0772
1043.000       2.0234
1045.000       2.0956
1047.000       2.0794
1065.000       1.9755
1067.000       1.9207
1069.000       1.8437
1085.000       1.8805
1087.000       1.8834
1089.000       1.9224
1101.000       1.8163
1103.000       1.8297
1105.000       1.7551
1121.000       1.8615
1123.000       1.8243
1125.000       1.9210
1133.000       1.9746
1135.000       1.9084
1137.000       1.9681
1143.000       1.8843
1145.000       1.9505
1147.000       1.8927
1159.000       1.9543
1161.000       1.8848
1163.000       1.9379
1179.000       1.9282
1181.000       2.0224
1183.000       2.0248
1191.000       2.0076
1193.000       2.0093
1195.000       2.0119
1206.000       2.1184
1208.000       2.1961
1210.000       2.3137
1220.000       2.3195
1222.000       2.2458
1224.000       2.2484
1231.000       2.2289
1233.000       2.3116
1235.000       2.3303
1245.000       2.2585
1247.000       2.2553
1249.000       2.2107
1262.000       2.2743
1264.000       2.3890
1266.000       2.4683
1273.000       2.4429
1275.000       2.4070
1277.000       2.3872
1288.000       2.2644
1290.000       2.1605
1292.000       2.0514
1304.000       2.0953
1306.000       2.1657
1308.000       2.2275
1324.000       2.3089
1326.000       2.3827
1328.000       2.4739
1339.000       2.4081
1341.000       2.3063
1343.000       2.2634
1356.000       2.2253
1358.000       2.1050
1360.000       2.0192
1370.000       2.0792
1372.000       2.1138
1374.000       2.1667
1384.000       2.2960
1386.000       2.3724
1388.000       2.5145
1406.000       2.5555
1408.000       2.5040
1418.000       2.5679
1420.000       2.5159
1422.000       2.4006
1424.000       2.3677
1439.000       2.4229
1441.000       2.5116
1443.000       2.5935
1458.000       2.6645
1460.000       2.7155
1462.000       2.7993
1482.000       2.7224
1484.000       2.6205
1486.000       2.5500
1493.000       2.4938
1495.000       2.4659
1497.000       2.4458
1513.000       2.5584
1515.000       2.6636
1517.000       2.7901
1532.000       2.8171
1534.000       2.7604
1536.000       2.7772
1546.000       2.6911
1548.000       2.6185
1550.000       2.5616
1553.000       2.4211
1555.000       2.3637
1557.000       2.2349
1574.000       2.1371
1576.000       2.0343
1578.000       1.9444
1588.000       1.8679
1590.000       1.8264
1592.000       1.7617
1599.000       1.6752
1601.000       1.5862
1603.000       1.4945
1613.000       1.4601
1615.000       1.4612
1617.000       1.4318
1629.000       1.3451
1631.000       1.2553
1633.000       1.1741
1648.000       1.1713
1650.000       1.1377
1652.000       1.1143
1658.000       0.9851
1660.000       0.9196
1662.000       0.8103
1679.000       0.8171
1681.000       0.7710
1683.000       0.8186
1686.000       0.7712
1688.000       0.8184
1690.000       0.8511
1696.000       0.8857
1698.000       0.9380
1700.000       1.0277
1710.000       1.0864
1712.000       1.1647
1714.000       1.2705
1717.000       1.2481
1719.000       1.1630
1721.000       1.1885
1727.000       1.2782
1729.000       1.3347
1731.000       1.4702
1734.000       1.4310
1736.000       1.3260
1738.000       1.3126
1756.000       1.3782
1758.000       1.3873
1760.000       1.4619
1770.000       1.5619
1772.000       1.5609
1774.000       1.6639
1787.000       1.7004
1789.000       1.6482
1791.000       1.7025
1801.000       1.7540
1803.000       1.7255
1805.000       1.7993
1818.000       1.8646
1820.000       1.8514
1822.000       1.9378
1837.000       1.9687
1839.000       1.9171
1841.000       1.9657
1844.000       2.0442
1846.000       2.1700
1848.000       2.3246
1855.000       2.4641
1857.000       2.6556
1859.000       2.8663
1865.000       2.8581
1867.000       2.7253
1869.000       2.7793
1877.000       2.6499
1879.000       2.4918
1881.000       2.4197
1892.000       2.3321
1894.000       2.4206
1904.000       2.3816
1906.000       2.2955
1908.000       2.1852
1910.000       2.0843
1913.000       2.1047
1915.000       2.0146
1917.000       2.0267
1929.000       2.0533
1931.000       2.0170
1933.000       2.0545
1946.000       2.2110
1948.000       2.2704
1950.000       2.4109
1967.000       2.4742
1969.000       2.4300
1971.000       2.4957
1986.000       2.4987
1988.000       2.4024
1990.000       2.4017
2000.000       2.5050
2002.000       2.5266
2004.000       2.6386
2017.000       2.7706
2019.000       2.7779
2021.000       2.9093
2036.000       2.9532
2038.000       2.8737
2040.000       2.9249
2053.000       2.9381
2055.000       2.8705
2057.000       2.8880
2072.000       3.0252
2074.000       3.0962
2076.000       3.2518
2093.000       3.3395
2095.000       3.3084
2097.000       3.3911
2115.000       3.3763
2117.000       3.2516
2119.000       3.2442
2126.000       3.3185
2128.000       3.3226
2130.000       3.4159
2143.000       3.5857
2145.000       3.6617
2147.000       3.8397
2155.000       3.8916
2157.000       3.7964
2159.000       3.8534
2170.000       3.8585
2172.000       3.7559
2174.000       3.7608
2189.000       3.8227
2191.000       3.9031
2193.000       3.9804
2211.000       4.0551
2213.000       4.1003
2215.000       4.1961
2226.000       4.1554
2228.000       4.0760
2230.000       4.0664
2241.000       3.9509
2243.000       3.8498
2245.000       3.7436
2263.000       3.7564
2265.000       3.7316
2267.000       3.7220
2282.000       3.5745
2284.000       3.5451
2286.000       3.4194
2293.000       3.4024
2295.000       3.3079
2297.000       3.2900
2304.000       3.1621
2306.000       3.1349
2308.000       3.0140
2318.000       3.0010
2320.000       2.8973
2322.000       2.8718
2328.000       2.7487
2330.000       2.7161
2332.000       2.6024
2344.000       2.5685
2346.000       2.4620
2348.000       2.4118
2355.000       2.3027
2357.000       2.2885
2359.000       2.1791
2376.000       2.1376
2378.000       2.0152
2380.000       1.9674
2395.000       1.8246
2397.000       1.8148
2399.000       1.6950
2410.000       1.6731
2412.000       1.5831
2414.000       1.5434
2426.000       1.4961
2428.000       1.5537
2430.000       1.5600
2447.000       1.5993
2449.000       1.5756
2451.000       1.6280
2461.000       1.6419
2463.000       1.5678
2465.000       1.5986
2476.000       1.7065
2478.000       1.7112
2480.000       1.8116
2493.000       1.7656
2495.000       1.8412
2497.000       1.8342
2512.000       1.9709
2514.000       1.9908
2516.000       2.1077
2536.000       2.1330
2538.000       2.2561
2540.000       2.3159
2548.000       2.3519
2550.000       2.3053
2552.000       2.3374
2567.000       2.4878
2569.000       2.5426
2571.000       2.6771
2586.000       2.8046
2588.000       2.7800
2590.000       2.8841
2602.000       2.8251
2604.000       2.6997
2606.000       2.6357
2616.000       2.6358
2618.000       2.5929
2620.000       2.6092
2627.000       2.5287
2629.000       2.5868
2631.000       2.5239
2634.000       2.4291
2636.000       2.3835
2646.000       2.2999
2648.000       2.3332
2650.000       2.2622
2652.000       2.3013
2667.000       2.2264
2669.000       2.3036
2671.000       2.2501
2677.000       2.1799
2679.000       2.1138
2681.000       2.0507
2693.000       2.0901
2695.000       2.1244
2697.000       2.1851
2717.000       2.1336
2719.000       2.1861
2721.000       2.2006
2732.000       2.3253
2734.000       2.3435
2736.000       2.4762
2744.000       2.5807
2746.000       2.5453
2748.000       2.6596
2758.000       2.7226
2760.000       2.6503
2762.000       2.7322
2775.000       2.6240
2777.000       2.4788
2779.000       2.3913
2797.000       2.2342
2799.000       2.1832
2801.000       2.0610
2804.000       2.0516
2806.000       1.9890
2808.000       1.9914
2820.000       2.0821
2822.000       2.1320
2824.000       2.2188
2836.000       2.1983
2838.000       2.2247
2840.000       2.2346
2852.000       2.3638
2854.000       2.3925
2856.000       2.5180
2869.000       2.5570
2871.000       2.6706
2873.000       2.7550
2876.000       2.7119
2878.000       2.6444
2880.000       2.6051
2895.000       2.6649
2897.000       2.6674
2899.000       2.7400
2909.000       2.6973
2911.000       2.8131
2913.000       2.8320
2928.000       2.9497
2930.000       2.9149
2932.000       3.0067
2945.000       3.0103
2947.000       3.1373
2949.000       3.1942
2962.000       3.2496
2964.000       3.2262
2974.000       3.2936
2976.000       3.4104
2978.000       3.5083
2980.000       3.6798
2998.000       3.6539
3000.000       3.5321
3002.000       3.5449
3009.000       3.3958
3011.000       3.4253
3013.000       3.3310
3020.000       3.2434
3022.000       3.3487
3024.000       3.3555
3035.000       3.2517
3037.000       3.2147
3039.000       3.1538
3050.000       3.0025
3052.000       2.9400
3054.000       2.8163
3069.000       2.7646
3071.000       2.8181
3073.000       2.8091
3088.000       2.8269
3090.000       2.8969
3092.000       2.9334
3105.000       2.8499
3107.000       2.8128
3109.000       2.7444
3124.000       2.6123
3126.000       2.5558
3128.000       2.4460
3143.000       2.4366
3145.000       2.4987
3147.000       2.5136
3155.000       2.5251
3157.000       2.6254
3159.000       2.6742
3169.000       2.5425
3171.000       2.4602
3173.000       2.3479
3176.000       2.2188
3178.000       2.1790
3180.000       2.0776
3190.000       2.1114
3192.000       2.2474
3194.000       2.3164
3212.000       2.3196
3214.000       2.3167
3216.000       2.3277
3226.000       2.1928
3228.000       2.0798
3230.000       1.9567
3250.000       1.9651
3252.000       1.9388
3254.000       2.0181
3264.000       1.8600
3266.000       1.9485
3268.000       1.8196
3281.000       1.9336
3283.000       1.9370
3285.000       2.1041
3298.000       2.1309
3300.000       2.0930
3310.000       2.1204
3312.000       2.1585
3314.000       2.1872
3316.000       2.2831
3326.000       2.3099
3328.000       2.4431
3330.000       2.5633
3338.000       2.5872
3340.000       2.5910
3342.000       2.6333
3355.000       2.5910
3357.000       2.4458
3359.000       2.4308
3369.000       2.5044
3371.000       2.6423
3373.000       2.8180
3379.000       2.6799
3381.000       2.7363
3383.000       2.6885
3393.000       2.4002
3395.000       2.3223
3397.000       2.1810
3404.000       1.8175
3406.000       1.4369
3408.000       1.3703
3415.000       1.2814
3417.000       1.2901
3419.000       1.2723
3439.000       1.2649
3441.000       1.3255
3443.000       1.3337
3450.000       1.2785
3452.000       1.2723
3454.000       1.2569
3467.000       1.3855
3469.000       1.4156
3471.000       1.5452
3477.000       1.5495
3479.000       1.6249
3481.000       1.6483
3493.000       1.7846
3495.000       1.8052
3497.000       1.9245
3513.000       1.9362
3515.000       2.0312
3517.000       2.0577
3530.000       2.2039
3532.000       2.2327
3534.000       2.3561
3549.000       2.3766
3551.000       2.5100
3553.000       2.5611
3570.000       2.6663
3572.000       2.6727
3574.000       2.7403
3589.000       2.7893
3591.000       2.9210
3593.000       2.9947
3613.000       3.0958
3615.000       3.1306
3617.000       3.2234
3630.000       3.2957
3632.000       3.4242
3634.000       3.5113
3647.000       3.6228
3649.000       3.7078
3651.000       3.8457
3659.000       3.9806
3661.000       4.0885
3663.000       4.2665
3681.000       4.6744
3683.000       5.0458
3685.000       5.6063
3695.000       5.9337
3697.000       6.2895
3699.000       6.7477
3705.000       6.4958
3707.000       6.0117
3709.000       5.7960
3716.000       5.6335
3718.000       5.8001
3720.000       5.8052
3735.000       5.3048
3737.000       5.0447
3739.000       4.6605
3749.000       4.2941
3751.000       4.2136
3753.000       4.0127
3766.000       3.7944
3768.000       3.7251
3770.000       3.5826
3780.000       3.4340
3782.000       3.4139
3784.000       3.3015
3796.000       3.1611
3798.000       3.0793
3800.000       2.9503
3820.000       2.8815
3822.000       2.7709
3824.000       2.6923
3839.000       2.5569
3841.000       2.5147
3843.000       2.3851
3849.000       2.3349
3851.000       2.2033
3853.000       2.1400
3871.000       2.0515
3873.000       2.0542
3875.000       1.9715
3888.000       1.9072
3890.000       1.7806
3892.000       1.7163
3899.000       1.6606
3901.000       1.6714
3903.000       1.6211
3918.000       1.5411
3920.000       1.4427
3922.000       1.3569
3937.000       1.3046
3939.000       1.3259
3941.000       1.2562
3949.000       1.1635
3951.000       1.0532
3953.000       0.9751
3968.000       0.9666
3970.000       0.9555
3972.000       0.9450
3978.000       0.8565
3980.000       0.8511
3982.000       0.8173
3985.000       0.7496
3987.000       0.6694
3989.000       0.6563
3996.000       0.7447
3998.000       0.8168
4000.000       0.9686
4011.000       1.0845
4013.000       1.2651
4015.000       1.4619
4025.000       1.5823
4027.000       1.5964
4029.000       1.7924
4044.000       1.6389
4046.000       1.7798
4048.000       1.7555
4051.000       1.6964
4053.000       1.6901
4055.000       1.7642
4075.000       1.7777
4077.000       1.9006
4079.000       2.0484
4086.000       2.0732
4088.000       2.2911
4090.000       2.4835
4093.000       2.4941
4095.000       2.4623
4097.000       2.5686
4103.000       2.5368
4105.000       2.7573
4107.000       2.8547
4119.000       2.6895
4121.000       2.6758
4123.000       2.6548
4131.000       2.3882
4133.000       2.1969
4135.000       2.0161
4153.000       1.8546
4155.000       1.8183
4157.000       1.7202
4177.000       1.6023
4179.000       1.6015
4181.000       1.5457
4187.000       1.4987
4189.000       1.5847
4191.000       1.5750
4211.000       1.4652
4213.000       1.4652
4215.000       1.3956
4226.000       1.2563
4228.000       1.2277
4230.000       1.1314
4236.000       1.0855
4238.000       1.1629
4240.000       1.1732
4243.000       1.1289
4245.000       1.1893
4247.000       1.1927
4257.000       1.0725
4259.000       1.0086
4261.000       0.9000
4276.000       0.7934
4278.000       0.7804
4280.000       0.7087
4290.000       0.7386
4292.000       0.8287
4294.000       0.8577
4307.000       0.8222
4309.000       0.8367
4311.000       0.8304
4318.000       0.7204
4320.000       0.6526
4322.000       0.5492
4337.000       0.5137
4339.000       0.5487
4341.000       0.5483
4356.000       0.5702
4358.000       0.6428
4360.000       0.6831
4370.000       0.6435
4372.000       0.6299
4374.000       0.6216
4389.000       0.5479
4391.000       0.4875
4393.000       0.4682
4396.000       0.4796
4398.000       0.5283
4400.000       0.6017
4410.000       0.6285
4412.000       0.6513
4414.000       0.7169
4426.000       0.7089
4428.000       0.6661
4430.000       0.6888
4445.000       0.6963
4447.000       0.6477
4449.000       0.6931
4459.000       0.7657
4461.000       0.7590
4463.000       0.8395
4469.000       0.8988
4471.000       0.8911
4473.000       0.9833
4488.000       1.0416
4490.000       1.0045
4492.000       1.0876
4498.000       1.1410
4500.000       1.1130
4502.000       1.2077
4510.000       1.3017
4512.000       1.4593
4514.000       1.6244
4521.000       1.6725
4523.000       1.6471
4525.000       1.7413
4543.000       1.6262
4545.000       1.4527
4547.000       1.3735
4567.000       1.3792
4569.000       1.4738
4571.000       1.5593
4589.000       1.6144
4591.000       1.6253
4593.000       1.7318
4603.000       1.6736
4605.000       1.5277
4607.000       1.5020
4620.000       1.4352
4622.000       1.4404
4624.000       1.3868
4637.000       1.2702
4639.000       1.2361
4641.000       1.1374
4656.000       1.1484
4658.000       1.1029
4668.000       1.1568
4670.000       1.1095
4672.000       1.1447
4674.000       1.1570
4691.000       1.2092
4693.000       1.2861
4695.000       1.3652
4715.000       1.3206
4717.000       1.2257
4719.000       1.1963
4729.000       1.1750
4731.000       1.1640
4733.000       1.1864
4740.000       1.2663
4742.000       1.3463
4744.000       1.4380
4762.000       1.3926
4764.000       1.3030
4766.000       1.2596
4781.000       1.2217
4783.000       1.1536
4785.000       1.1280
4795.000       1.2280
4797.000       1.2999
4799.000       1.4062
4819.000       1.4735
4821.000       1.4786
4823.000       1.5531
4838.000       1.5235
4840.000       1.4268
4842.000       1.4084
4857.000       1.4111
4859.000       1.4341
4861.000       1.4511
4879.000       1.5095
4881.000       1.5707
4883.000       1.6501
4891.000       1.6526
4893.000       1.5948
4895.000       1.6219
4902.000       1.5333
4904.000       1.4626
4906.000       1.4369
4921.000       1.5275
4923.000       1.6774
4925.000       1.8698
4928.000       1.7489
4930.000       1.8893
4932.000       2.1473
4935.000       2.0551
4937.000       2.0868
4939.000       2.1837
4949.000       2.0329
4951.000       1.8403
4953.000       1.7618
4960.000       1.6982
4962.000       1.7278
4964.000       1.7020
4977.000       1.6009
4979.000       1.5367
4981.000       1.4437
4991.000       1.4265
4993.000       1.4126
4995.000       1.4167
5010.000       1.3169
5012.000       1.2818
5014.000       1.1967
5027.000       1.2225
5029.000       1.2084
5031.000       1.2318
5046.000       1.1357
5048.000       1.1320
5050.000       1.0599
5056.000       1.1197
5058.000       1.1066
5060.000       1.1517
5066.000       1.0977
5068.000       1.1846
5070.000       1.1781
5082.000       1.2432
5084.000       1.2356
5086.000       1.3030
5093.000       1.4045
5095.000       1.5150
5105.000       1.6685
5107.000       1.7095
5109.000       1.6086
5111.000       1.7004
5118.000       1.5425
5120.000       1.6194
5122.000       1.5863
5129.000       1.4812
5131.000       1.4857
5133.000       1.4579
5145.000       1.3090
5147.000       1.2398
5149.000       1.1452
5165.000       1.1772
5167.000       1.2796
5169.000       1.3500
5186.000       1.2673
5188.000       1.2448
5190.000       1.2091
5198.000       1.0615
5200.000       1.0084
5202.000       0.9216
5210.000       0.8846
5212.000       0.9594
5214.000       1.0047
5224.000       1.0260
5226.000       1.0742
5228.000       1.1190
5245.000       1.0241
5247.000       0.9395
5249.000       0.8657
5259.000       0.7966
5261.000       0.7872
5263.000       0.7776
5273.000       0.8667
5275.000       0.9626
5277.000       1.0640
5292.000       1.0577
5294.000       1.0190
5296.000       1.0196
5314.000       0.9225
5316.000       0.8232
5318.000       0.7530
5335.000       0.8148
5337.000       0.9013
5339.000       1.0003
5345.000       1.0757
5347.000       1.1101
5349.000       1.2021
5359.000       1.1549
5361.000       1.0486
5363.000       1.0002
5383.000       0.9811
5385.000       0.9460
5387.000       0.9704
5393.000       1.1159
5395.000       1.2350
5397.000       1.4183
5415.000       1.5038
5417.000       1.4835
5419.000       1.6487
5427.000       1.6718
5429.000       1.7090
5431.000       1.9208
5446.000       2.1918
5449.000       5.5776
5453.000       5.2372
5466.000       5.1434
5468.000       4.9296
5470.000       4.8237
5490.000       4.6656
5492.000       4.6019
5494.000       4.4949
5505.000       4.3103
5507.000       4.2698
5509.000       4.1245
5516.000       4.0503
5518.000       3.9137
5520.000       3.8375
5535.000       3.7575
5537.000       3.7939
5539.000       3.7309
5546.000       3.6362
5548.000       3.5065
5550.000       3.4032
5565.000       3.3797
5567.000       3.3892
5569.000       3.4049
5582.000       3.2962
5584.000       3.2159
5586.000       3.0922
5598.000       3.0695
5600.000       3.0657
5602.000       3.0473
5605.000       3.2297
5607.000       3.1564
5609.000       3.3377
5622.000       3.3994
5624.000       3.4299
5626.000       3.5399
5632.000       3.5759
5634.000       3.5013
5636.000       3.5476
5639.000       3.6102
5641.000       3.5706
5643.000       3.6509
5655.000       3.8038
5657.000       3.8319
5659.000       4.0036
5672.000       4.0864
5674.000       4.0088
5676.000       4.1005
5691.000       4.1132
5693.000       4.0043
5695.000       4.0275
5698.000       4.1345
5700.000       4.1419
5702.000       4.2664
5712.000       4.4134
5714.000       4.4287
5716.000       4.5772
5722.000       4.6310
5724.000       4.5259
5726.000       4.5759
5733.000       4.6293
5735.000       4.5466
5737.000       4.5989
5757.000       4.7678
5759.000       4.8179
5761.000       5.0007
5772.000       5.1445
5774.000       5.1092
5776.000       5.2449
5791.000       5.2496
5793.000       5.0936
5795.000       5.1103
5812.000       5.2405
5814.000       5.2245
5816.000       5.3487
5823.000       5.5356
5825.000       5.5551
5827.000       5.7235
5842.000       5.7990
5844.000       5.7103
5846.000       5.7842
5857.000       5.8484
5859.000       5.7776
5861.000       5.8490
5874.000       5.9666
5876.000       5.9795
5878.000       6.1008
5881.000       6.0350
5883.000       5.9017
5885.000       5.8182
5900.000       5.8166
5902.000       5.8390
5904.000       5.8601
5917.000       5.7598
5919.000       5.7655
5929.000       5.6888
5931.000       5.6776
5933.000       5.7852
5935.000       5.8086
5943.000       5.7184
5945.000       5.6675
5947.000       5.5924
5950.000       5.6612
5952.000       5.7899
5954.000       5.8767
5967.000       5.9363
5969.000       5.9127
5971.000       5.9733
5984.000       5.9705
5986.000       6.1019
5996.000       6.1113
5998.000       5.9776
6000.000       5.9244
6002.000       5.8107
6009.000       5.8413
6011.000       5.7475
6013.000       5.7743
6021.000       5.6646
6023.000       5.7049
6025.000       5.6451
6033.000       5.5836
6035.000       5.5004
6037.000       5.4513
6044.000       5.3966
6046.000       5.4008
6048.000       5.3239
6064.000       5.1703
6066.000       5.1913
6068.000       5.0773
6078.000       4.9201
6080.000       4.9151
6082.000       4.7804
6092.000       4.6516
6094.000       4.6948
6096.000       4.6133
6112.000       4.6533
6114.000       4.7595
6116.000       4.8161
6132.000       4.8361
6134.000       4.8067
6136.000       4.8195
6143.000       4.9333
6145.000       5.0372
6147.000       5.1718
6158.000       5.1406
6160.000       5.2248
6162.000       5.2364
6172.000       5.4690
6174.000       5.5100
6176.000       5.7574
6179.000       5.8987
6181.000       5.9213
6183.000       6.0835
6189.000       6.0812
6191.000       5.9770
6193.000       5.9721
6196.000       5.8274
6198.000       5.7839
6200.000       5.6586
6218.000       5.4404
6220.000       5.3608
6222.000       5.1959
6235.000       5.0712
6237.000       4.9324
6239.000       4.7897
6251.000       4.6856
6253.000       4.6341
6263.000       4.5450
6265.000       4.3883
6267.000       4.3374
6269.000       4.1859
6289.000       4.0564
6291.000       4.0617
6293.000       3.9502
6299.000       3.8495
6301.000       3.7164
6303.000       3.6076
6315.000       3.5504
6317.000       3.5550
6319.000       3.5197
6335.000       3.4014
6337.000       3.2970
6339.000       3.1668
6351.000       3.1305
6353.000       3.1069
6355.000       3.0426
6363.000       2.9782
6365.000       2.8852
6367.000       2.8305
6382.000       2.8926
6384.000       3.0500
6386.000       3.1682
6397.000       3.3081
6399.000       3.3995
6409.000       3.5474
6411.000       3.6229
6413.000       3.6854
6415.000       3.8039
6425.000       3.8611
6427.000       3.8146
6429.000       3.8798
6441.000       3.9100
6443.000       3.8371
6445.000       3.8961
6460.000       4.0869
6462.000       4.1614
6464.000       4.3541
6472.000       4.4474
6474.000       4.4081
6476.000       4.5155
6487.000       4.5364
6489.000       4.4307
6491.000       4.4553
6503.000       4.5198
6505.000       4.4819
6507.000       4.5652
6527.000       4.7028
6529.000       4.7492
6531.000       4.8805
6541.000       4.9579
6543.000       4.9608
6545.000       5.0425
6548.000       5.1634
6550.000       5.2654
6552.000       5.4255
6562.000       5.3463
6564.000       5.2042
6566.000       5.1460
6583.000       5.0163
6585.000       4.9918
6587.000       4.8861
6607.000       4.9041
6609.000       5.0519
6611.000       5.0955
6624.000       5.0284
6626.000       4.9918
6628.000       4.9486
6643.000       4.7760
6645.000       4.6689
6647.000       4.5158
6663.000       4.5177
6665.000       4.4317
6667.000       4.4116
6680.000       4.3002
6682.000       4.3327
6692.000       4.2505
6694.000       4.0906
6696.000       4.0481
6698.000       3.9159
6709.000       3.8237
6711.000       3.8786
6713.000       3.8167
6726.000       3.7440
6728.000       3.7571
6730.000       3.7088
6745.000       3.5946
6747.000       3.4593
6749.000       3.3470
6764.000       3.3074
6766.000       3.2887
6768.000       3.2658
6778.000       3.1473
6780.000       3.0725
6782.000       2.9813
6785.000       3.0565
6787.000       3.0117
6789.000       3.1329
6807.000       3.0549
6809.000       2.8422
6811.000       2.7364
6822.000       2.6887
6824.000       2.6625
6826.000       2.6345
6834.000       2.5165
6836.000       2.5258
6838.000       2.4227
6844.000       2.3690
6846.000       2.4334
6848.000       2.4239
6854.000       2.3777
6856.000       2.4122
6858.000       2.4069
6868.000       2.3019
6870.000       2.2159
6872.000       2.1075
6882.000       2.0893
6884.000       2.0632
6886.000       2.0546
6903.000       1.9789
6905.000       1.8934
6907.000       1.8254
6913.000       1.8698
6915.000       1.9444
6917.000       2.0249
6937.000       2.1032
6939.000       2.1550
6941.000       2.2496
6944.000       2.1893
6946.000       2.0998
6948.000       2.0537
6961.000       1.9946
6963.000       1.9269
6965.000       1.9210
6982.000       1.9623
6984.000       1.9687
6986.000       2.0066
6996.000       2.1306
6998.000       2.0702
7000.000       2.1635
7015.000       2.2115
7017.000       2.1716
7019.000       2.2297
7022.000       2.2175
7024.000       2.1434
7026.000       2.1565
7044.000       2.2473
7046.000       2.3079
7048.000       2.4259
7059.000       2.5006
7061.000       2.4808
7063.000       2.5733
7078.000       2.5863
7080.000       2.4822
7082.000       2.4982
7097.000       2.5836
7099.000       2.5807
7101.000       2.6704
7109.000       2.8081
7111.000       2.8378
7113.000       2.9725
7128.000       3.0282
7130.000       2.9502
7132.000       3.0049
7144.000       3.0350
7146.000       2.9449
7148.000       2.9750
7163.000       3.0834
7165.000       3.1037
7167.000       3.2176
7175.000       3.3327
7177.000       3.3357
7179.000       3.4546
7199.000       3.4830
7201.000       3.3824
7203.000       3.4041
7218.000       3.4596
7220.000       3.4087
7222.000       3.4660
7242.000       3.6032
7244.000       3.6317
7246.000       3.7699
7264.000       3.8662
7266.000       3.8243
7268.000       3.9146
7283.000       3.9331
7285.000       3.8264
7287.000       3.8429
7293.000       3.9312
7295.000       3.9311
7297.000       4.0356
7305.000       4.1855
7307.000       4.2028
7309.000       4.3551
7322.000       4.4143
7324.000       4.3178
7326.000       4.3527
7333.000       4.4825
7335.000       4.5802
7337.000       4.7132
7347.000       4.5284
7349.000       4.3784
7351.000       4.2837
7354.000       4.1907
7356.000       4.1771
7358.000       4.0893
7373.000       4.0800
7375.000       4.1368
7377.000       4.1329
7390.000       3.9635
7392.000       3.9042
7394.000       3.7627
7397.000       3.7293
7399.000       3.6213
7401.000       3.5672
7417.000       3.5760
7419.000       3.5983
7421.000       3.5973
7436.000       3.5069
7438.000       3.3754
7440.000       3.2780
7452.000       3.3035
7454.000       3.3331
7456.000       3.3595
7472.000       3.2318
7474.000       3.1693
7476.000       3.0580
7489.000       3.0871
7491.000       3.1021
7493.000       3.1380
7500.000       2.9629
7502.000       2.9492
7504.000       2.8290
7520.000       2.7457
7522.000       2.9041
7524.000       2.8695
7527.000       2.6925
7529.000       2.9260
7531.000       2.8466
7534.000       2.6634
7536.000       2.5483
7538.000       2.4730
7541.000       2.5028
7543.000       2.5797
7545.000       2.6615
7555.000       2.7080
7557.000       2.6891
7559.000       2.7376
7562.000       2.6604
7564.000       2.6578
7566.000       2.6241
7573.000       2.4497
7575.000       2.3752
7577.000       2.2517
7580.000       2.2623
7582.000       2.3479
7584.000       2.3854
7600.000       2.4442
7602.000       2.5113
7604.000       2.5773
7614.000       2.4934
7616.000       2.3945
7618.000       2.3137
7625.000       2.2620
7627.000       2.2302
7629.000       2.2042
7644.000       2.3154
7646.000       2.4125
7648.000       2.5255
7663.000       2.5740
7665.000       2.5769
7667.000       2.6495
7680.000       2.5830
7682.000       2.4537
7684.000       2.4068
7695.000       2.4547
7697.000       2.4648
7699.000       2.5359
7719.000       2.6819
7721.000       2.7411
7723.000       2.8811
7738.000       2.9050
7740.000       2.8072
7742.000       2.8250
7749.000       2.8378
7751.000       2.7954
7753.000       2.8334
7765.000       2.8991
7767.000       2.8905
7769.000       2.9978
7777.000       3.1416
7779.000       3.1401
7781.000       3.2862
7798.000       3.3350
7800.000       3.1871
7802.000       3.2333
7805.000       3.2468
7807.000       3.4119
7809.000       3.5526
7827.000       3.5717
7829.000       3.5306
7831.000       3.5930
7849.000       3.4995
7851.000       3.5787
7853.000       3.5446
7860.000       3.4652
7862.000       3.4189
7864.000       3.3853
7882.000       3.3418
7884.000       3.4127
7886.000       3.4211
7901.000       3.3615
7903.000       3.3297
7905.000       3.2652
7916.000       3.3710
7918.000       3.3978
7920.000       3.4750
7936.000       3.3216
7938.000       3.2211
7940.000       3.1290
7947.000       3.2406
7949.000       3.2267
7951.000       3.3504
7966.000       3.1876
7968.000       3.1513
7970.000       3.0182
7987.000       3.0161
7989.000       2.9302
7999.000       2.9893
8001.000       3.0425
8003.000       3.2597
8005.000       3.3862
8011.000       3.3750
8013.000       3.4399
8023.000       3.4589
8025.000       3.6401
8027.000       3.7572
8029.000       3.9648
8042.000       3.9432
8044.000       3.7452
8046.000       3.7461
8058.000       3.5965
8060.000       3.1724
8062.000       3.0372
8069.000       2.9250
8071.000       2.8592
8073.000       2.7724
8083.000       2.6708
8085.000       2.6679
8087.000       2.5695
8093.000       2.4897
8095.000       2.4113
8097.000       2.3499
8109.000       2.2536
8111.000       2.2017
8113.000       2.1339
8125.000       2.1768
8127.000       2.3127
8129.000       2.4191
8140.000       2.3263
8142.000       2.2703
8152.000       2.2192
8154.000       2.0765
8156.000       1.9789
8158.000       1.8585
8175.000       1.9022
8177.000       1.9923
8179.000       2.0539
8189.000       2.1160
8191.000       2.1984
8193.000       2.2899
8200.000       2.2264
8202.000       2.1276
8204.000       2.0725
8219.000       2.0068
8221.000       1.9348
8223.000       1.8871
8238.000       1.9877
8240.000       2.0814
8242.000       2.1968
8252.000       2.2690
8254.000       2.2912
8256.000       2.3718
8266.000       2.3203
8268.000       2.2055
8270.000       2.1651
8283.000       2.1745
8285.000       2.1643
8287.000       2.1884
8297.000       2.3247
8299.000       2.4025
8301.000       2.5540
8311.000       2.6446
8313.000       2.5951
8315.000       2.6701
8330.000       2.6474
8332.000       2.5328
8334.000       2.5413
8345.000       2.6402
8347.000       2.6685
8349.000       2.7608
8362.000       2.9334
8364.000       2.9275
8366.000       3.0668
8373.000       3.1732
8375.000       3.2616
8377.000       3.4061
8385.000       3.4644
8387.000       3.4445
8389.000       3.5030
8396.000       3.4366
8398.000       3.3930
8400.000       3.3225
8406.000       3.4283
8408.000       3.4729
8410.000       3.5584
8426.000       3.4919
8428.000       3.5146
8430.000       3.4595
8443.000       3.6323
8445.000       3.5823
8447.000       3.7603
8459.000       3.7134
8461.000       3.8779
8463.000       3.8486
8471.000       3.9059
8473.000       3.8652
8475.000       3.9208
8485.000       3.9920
8487.000       3.9434
8489.000       4.0341
8500.000       4.1388
8502.000       4.1080
8504.000       4.2226
8510.000       4.3254
8512.000       4.2854
8514.000       4.3867
8529.000       4.4725
8531.000       4.3947
8533.000       4.4810
8550.000       4.6283
8552.000       4.5849
8554.000       4.7037
8562.000       4.8534
8564.000       4.8306
8566.000       4.9779
8581.000       5.1052
8583.000       5.0375
8585.000       5.1537
8592.000       5.2709
8594.000       5.1799
8596.000       5.2657
8616.000       5.3993
8618.000       5.3498
8620.000       5.4777
8640.000       5.6217
8642.000       5.6158
8644.000       5.7521
8654.000       5.8270
8656.000       5.7324
8658.000       5.7918
8673.000       5.8888
8675.000       5.9029
8677.000       5.9981
8685.000       5.8984
8687.000       5.7036
8689.000       5.5966
8704.000       5.4896
8706.000       5.5508
8708.000       5.4931
8719.000       5.2767
8721.000       5.2220
8723.000       5.0486
8743.000       5.0106
8745.000       4.9454
8755.000       4.9220
8757.000       4.8061
8759.000       4.8613
8761.000       4.7653
8771.000       4.6347
8773.000       4.4883
8775.000       4.3581
8792.000       4.4343
8794.000       4.5585
8796.000       4.6615
8806.000       4.7483
8808.000       4.7977
8810.000       4.8790
8820.000       4.7633
8822.000       4.6075
8824.000       4.4841
8839.000       4.4283
8841.000       4.4063
8843.000       4.3711
8853.000       4.5002
8855.000       4.6397
8857.000       4.7754
8877.000       4.8080
8879.000       4.7693
8881.000       4.7892
8896.000       4.6674
8898.000       4.5173
8900.000       4.3976
8915.000       4.4360
8917.000       4.4926
8919.000       4.5509
8926.000       4.6905
8928.000       4.7965
8930.000       4.9378
8943.000       4.8946
8945.000       4.7837
8947.000       4.7431
8962.000       4.6701
8964.000       4.5646
8966.000       4.5031
8978.000       4.6027
8980.000       4.7012
8982.000       4.8204
8989.000       4.9114
8991.000       4.9541
8993.000       5.0472
9000.000       4.9884
9002.000       4.8464
9004.000       4.7700
9019.000       4.7698
9021.000       4.7356
9023.000       4.7310
9033.000       4.8893
9035.000       5.0127
9037.000       5.1595
9043.000       5.1962
9045.000       5.1454
9047.000       5.1744
9054.000       5.1114
9056.000       4.9971
9058.000       4.9412
9073.000       5.0405
9075.000       5.1436
9077.000       5.2520
9097.000       5.4471
9099.000       5.4974
9101.000       5.6783
9117.000       5.7180
9119.000       5.8874
9121.000       5.9655
9129.000       5.9578
9131.000       5.9367
9133.000       5.9403
9136.000       5.9133
9138.000       5.9051
9140.000       5.9170
9146.000       5.7192
9148.000       5.5788
9150.000       5.4051
9165.000       5.2700
9167.000       5.1217
9169.000       4.9802
9179.000       4.9939
9181.000       5.0801
9183.000       5.1100
9195.000       4.9002
9197.000       4.7767
9199.000       4.5895
9207.000       4.5199
9209.000       4.3988
9211.000       4.2787
9226.000       4.2448
9228.000       4.2928
9230.000       4.2900
9240.000       4.4167
9242.000       4.6116
9244.000       4.7447
9255.000       4.6757
9257.000       4.6193
9259.000       4.5745
9275.000       4.4142
9277.000       4.2783
9279.000       4.1548
9292.000       4.2321
9294.000       4.3396
9296.000       4.4611
9306.000       4.5573
9308.000       4.6141
9310.000       4.7187
9320.000       4.6365
9322.000       4.4604
9324.000       4.3883
9339.000       4.2643
9341.000       4.2130
9343.000       4.1106
9355.000       4.2310
9357.000       4.3594
9367.000       4.5024
9369.000       4.4253
9371.000       4.2544
9373.000       4.1869
9390.000       3.9291
9392.000       3.7980
9402.000       3.5925
9404.000       3.4477
9406.000       3.4902
9408.000       3.4047
9428.000       3.4430
9430.000       3.5902
9432.000       3.6638
9447.000       3.6209
9449.000       3.4534
9451.000       3.4451
9464.000       3.4595
9466.000       3.4860
9468.000       3.5184
9484.000       3.7214
9486.000       3.8409
9496.000       4.0580
9498.000       4.0997
9500.000       4.3130
9502.000       4.4273
9517.000       4.5499
9519.000       4.5520
9521.000       4.6874
9527.000       4.6888
9529.000       4.8105
9531.000       4.8442
9541.000       5.0298
9543.000       5.1297
9545.000       5.2844
9562.000       5.3928
9564.000       5.5367
9566.000       5.6647
9572.000       5.8227
9574.000       5.9522
9584.000       5.9603
9586.000       5.8878
9588.000       5.8511
9590.000       5.8040
9602.000       5.9312
9604.000       6.0084
9606.000       6.1488
9621.000       6.1351
9623.000       6.1816
9625.000       6.1867
9632.000       6.3276
9634.000       6.2943
9636.000       6.4248
9642.000       6.5957
9644.000       6.5856
9646.000       6.7672
9657.000       6.9175
9659.000       6.8664
9661.000       7.0280
9679.000       7.2324
9681.000       7.4435
9683.000       7.7337
9689.000       7.7942
9691.000       7.9936
9693.000       8.1254
9710.000       7.8914
9712.000       7.6312
9714.000       7.5011
9727.000       7.4824
9729.000       7.4571
9731.000       7.4480
9742.000       7.2693
9744.000       7.2797
9746.000       7.1381
9759.000       7.0801
9761.000       6.9240
9763.000       6.8755
9778.000       6.9081
9780.000       6.9695
9782.000       7.0053
9789.000       6.8400
9791.000       6.8586
9793.000       6.7193
9805.000       6.6407
9807.000       6.7427
9809.000       6.6828
9815.000       6.5789
9817.000       6.6428
9819.000       6.5652
9830.000       6.4003
9832.000       6.3836
9834.000       6.2198
9849.000       6.0634
9851.000       6.1163
9853.000       6.0007
9863.000       5.9290
9865.000       6.0443
9867.000       5.9991
9877.000       5.8737
9879.000       5.9055
9881.000       5.8016
9887.000       5.6281
9889.000       5.6119
9891.000       5.4637
9898.000       5.3969
9900.000       5.5851
9902.000       5.5820
9918.000       5.5709
9920.000       5.5770
9922.000       5.5689
9933.000       5.3838
9935.000       5.3848
9945.000       5.2325
9947.000       5.1564
9949.000       5.0809
9951.000       5.0438
9957.000       4.9969
9959.000       5.0201
9961.000       5.0011
9971.000       4.8415
9973.000       4.7584
9975.000       4.6064
9988.000       4.4938
9990.000       4.4189
9992.000       4.3085
10005.000       4.2092
10007.000       4.2087
10009.000       4.1604
10021.000       4.2074
10023.000       4.2490
10025.000       4.3276
10043.000       4.3339
10045.000       4.4850
10047.000       4.5116
10054.000       4.7313
10056.000       4.7488
10058.000       4.9133
10066.000       4.9569
10068.000       5.1087
10078.000       5.1923
10080.000       5.2577
10082.000       5.2935
10084.000       5.3820
10104.000       5.2967
10106.000       5.1524
10108.000       5.0964
10121.000       5.0092
10123.000       4.9909
10125.000       4.9519
10128.000       5.0846
10130.000       5.0237
10132.000       5.1432
10150.000       5.0474
10152.000       5.1604
10154.000       5.0982
10171.000       5.0657
10173.000       4.9203
10175.000       4.8774
10188.000       4.8670
10190.000       4.8405
10192.000       4.8626
10198.000       4.9142
10200.000       5.0188
10202.000       5.0871
10209.000       5.1682
10211.000       5.1518
10213.000       5.2398
10220.000       5.2904
10222.000       5.4362
10224.000       5.5127
10239.000       5.5681
10241.000       5.5431
10243.000       5.5983
10258.000       5.7052
10260.000       5.8570
10262.000       5.9844
10279.000       6.0143
10281.000       6.1001
10283.000       6.1431
10303.000       6.3289
10305.000       6.4350
10307.000       6.5977
10310.000       6.6992
10312.000       6.7987
10314.000       6.9220
10322.000       6.8918
10324.000       6.8358
10326.000       6.7973
10338.000       6.8623
10340.000       6.9383
10342.000       7.0115
10354.000       6.9399
10356.000       6.9231
10366.000       6.8609
10368.000       6.9316
10370.000       7.0764
10372.000       7.1609
10390.000       7.1105
10392.000       7.0796
10394.000       7.0298
10402.000       6.8652
10404.000       6.7744
10406.000       6.6281
10418.000       6.6230
10420.000       6.7138
10422.000       6.7345
10432.000       6.7718
10434.000       6.8606
10436.000       6.9031
10442.000       6.7833
10444.000       6.7033
10446.000       6.5885
10452.000       6.4725
10454.000       6.4345
10456.000       6.3422
10471.000       6.4001
10473.000       6.5261
10475.000       6.6072
10481.000       6.6161
10483.000       6.6020
10485.000       6.6235
10495.000       6.5231
10497.000       6.4543
10499.000       6.3637
10514.000       6.3540
10516.000       6.4492
10518.000       6.4699
10536.000       6.5863
10538.000       6.7281
10540.000       6.8924
10550.000       6.7652
10552.000       6.5606
10554.000       6.4653
10572.000       6.4088
10574.000       6.4736
10576.000       6.4656
10596.000       6.2749
10598.000       6.1656
10600.000       5.9998
10607.000       5.8858
10609.000       5.9559
10611.000       5.9023
10626.000       5.9242
10628.000       5.7857
10630.000       5.7914
10643.000       5.6536
10645.000       5.7032
10647.000       5.5945
10663.000       5.5725
10665.000       5.4279
10667.000       5.4069
10679.000       5.5537
10681.000       5.6347
10683.000       5.8185
10691.000       5.7869
10693.000       5.6213
10695.000       5.5989
10715.000       5.5661
10717.000       5.5204
10719.000       5.4946
10726.000       5.6560
10728.000       5.6921
10738.000       5.8464
10740.000       5.8352
10742.000       6.0024
10744.000       6.0563
10754.000       6.0506
10756.000       5.9093
10758.000       5.8894
10761.000       5.7415
10763.000       5.7068
10765.000       5.6165
10781.000       5.6699
10783.000       5.5585
10785.000       5.6007
10803.000       5.6473
10805.000       5.7715
10807.000       5.8503
10819.000       5.8672
10821.000       5.8607
10823.000       5.9101
10826.000       5.9612
10828.000       6.0354
10830.000       6.1126
10845.000       6.0868
10847.000       6.0632
10849.000       6.0954
10859.000       6.2531
10861.000       6.3835
10863.000       6.5784
10880.000       6.6403
10882.000       6.5620
10884.000       6.6182
10897.000       6.5081
10899.000       6.6210
10909.000       6.5497
10911.000       6.3737
10913.000       6.2840
10923.000       6.1488
10925.000       6.1859
10927.000       6.0321
10929.000       6.0318
10939.000       5.9645
10941.000       5.9815
10943.000       5.9436
10955.000       5.9131
10957.000       5.7984
10959.000       5.7949
10971.000       5.9627
10973.000       6.1225
10983.000       6.3269
10985.000       6.3019
10987.000       6.4036
10989.000       6.4144
10992.000       6.2059
10994.000       6.0515
10996.000       5.8735
10999.000       5.9103
11001.000       5.8025
11003.000       5.8297
11011.000       5.8842
11013.000       5.8692
11015.000       5.9204
11030.000       6.0999
11032.000       6.2112
11034.000       6.3771
11040.000       6.3606
11042.000       6.5052
11044.000       6.5453
11062.000       6.5796
11064.000       6.5521
11066.000       6.5855
11078.000       6.6682
11080.000       6.8005
11082.000       6.8941
11095.000       6.7659
11097.000       6.6526
11099.000       6.5379
11119.000       6.3853
11121.000       6.2638
11123.000       6.1041
11129.000       6.0118
11131.000       5.8756
11133.000       5.7764
11145.000       5.6036
11147.000       5.5057
11149.000       5.3436
11156.000       5.3055
11158.000       5.2174
11160.000       5.1663
11173.000       5.0213
11175.000       4.9829
11177.000       4.8356
11192.000       4.8539
11194.000       4.7776
11196.000       4.8092
11203.000       4.6338
11205.000       4.5998
11207.000       4.4408
11217.000       4.5273
11219.000       4.4623
11221.000       4.5478
11231.000       4.4276
11233.000       4.4917
11235.000       4.3977
11245.000       4.3302
11247.000       4.4019
11249.000       4.3552
11255.000       4.1696
11257.000       4.0876
11259.000       3.9159
11274.000       3.7764
11276.000       3.8030
11278.000       3.6967
11284.000       3.6422
11286.000       3.7268
11288.000       3.7024
11299.000       3.6013
11301.000       3.5986
11303.000       3.5076
11309.000       3.3307
11311.000       3.3043
11313.000       3.1763
11333.000       3.1324
11335.000       3.1961
11337.000       3.1582
11343.000       3.1241
11345.000       3.2098
11347.000       3.1962
11367.000       3.0240
11369.000       2.9649
11371.000       2.8118
11386.000       2.6624
11388.000       2.6531
11390.000       2.5335
11398.000       2.5149
11400.000       2.6610
11402.000       2.6910
11415.000       2.6263
11417.000       2.6489
11419.000       2.6056
11437.000       2.4195
11439.000       2.3330
11441.000       2.1528
11457.000       2.0691
11459.000       2.1178
11461.000       2.0931
11469.000       2.0647
11471.000       2.1633
11473.000       2.2510
11488.000       2.0323
11490.000       1.9668
11492.000       1.8377
11505.000       1.6470
11507.000       1.6451
11509.000       1.5211
11526.000       1.4481
11528.000       1.5398
11530.000       1.5104
11536.000       1.4206
11538.000       1.4458
11540.000       1.3993
11558.000       1.2974
11560.000       1.2655
11562.000       1.2009
11582.000       1.2465
11584.000       1.3456
11586.000       1.4120
11592.000       1.4283
11594.000       1.4449
11596.000       1.4809
11612.000       1.3977
11614.000       1.2927
11616.000       1.2220
11628.000       1.1767
11630.000       1.1715
11632.000       1.1646
11645.000       1.2541
11647.000       1.3514
11649.000       1.4512
11669.000       1.4397
11671.000       1.3786
11673.000       1.3773
11690.000       1.2887
11692.000       1.1768
11694.000       1.0940
11706.000       1.1392
11708.000       1.2312
11710.000       1.3315
11713.000       1.4213
11715.000       1.4460
11717.000       1.5476
11728.000       1.5214
11730.000       1.4414
11732.000       1.4538
11735.000       1.3665
11737.000       1.2938
11739.000       1.2475
11752.000       1.0770
11754.000       1.0785
11756.000       0.9734
11767.000       0.9732
11769.000       0.8986
11771.000       0.9372
11782.000       1.0197
11784.000       1.0286
11786.000       1.1530
11789.000       1.2250
11791.000       1.2032
11793.000       1.3086
11804.000       1.4113
11806.000       1.3844
11808.000       1.5229
11824.000       1.6262
11826.000       1.6147
11828.000       1.6904
11835.000       1.7163
11837.000       1.6897
11839.000       1.7706
11850.000       1.8383
11852.000       1.7943
11854.000       1.8958
11860.000       1.9908
11862.000       1.9427
11864.000       2.0422
11884.000       2.1234
11886.000       2.0688
11888.000       2.1754
11899.000       2.3028
11901.000       2.2772
11903.000       2.4020
11911.000       2.5144
11913.000       2.4614
11915.000       2.5722
11928.000       2.6629
11930.000       2.6000
11932.000       2.6983
11938.000       2.8288
11940.000       2.7899
11942.000       2.9206
11948.000       3.0383
11950.000       2.9827
11952.000       3.0933
11967.000       3.2094
11969.000       3.1649
11971.000       3.2824
11982.000       3.4199
11984.000       3.3898
11986.000       3.5240
12004.000       3.6194
12006.000       3.5588
12008.000       3.6620
12016.000       3.7845
12018.000       3.7516
12020.000       3.8822
12037.000       4.0037
12039.000       3.9696
12041.000       4.0857
12052.000       4.1611
12054.000       4.0790
12056.000       4.1781
12067.000       4.2926
12069.000       4.2335
12071.000       4.3595
12083.000       4.5542
12085.000       4.5948
12087.000       4.8057
12090.000       4.9392
12092.000       4.9594
12094.000       5.2195
12106.000       5.4291
12109.000       3.1622
12113.000       3.2406
12126.000       3.1609
12128.000       3.2168
12130.000       3.3339
12150.000       3.3429
12152.000       3.3485
12154.000       3.3923
12165.000       3.3054
12167.000       3.3881
12169.000       3.3352
12184.000       3.4170
12186.000       3.3511
12188.000       3.4232
12200.000       3.4199
12202.000       3.5380
12204.000       3.5428
12217.000       3.5752
12219.000       3.5256
12221.000       3.5625
12236.000       3.5923
12238.000       3.6956
12240.000       3.7349
12253.000       3.7568
12255.000       3.6839
12257.000       3.6841
12263.000       3.7245
12265.000       3.8179
12267.000       3.8831
12270.000       3.9732
12272.000       4.0456
12274.000       4.1504
12287.000       4.1044
12289.000       4.0041
12291.000       3.9586
12298.000       3.9112
12300.000       3.8318
12302.000       3.7868
12305.000       3.8873
12307.000       3.9833
12309.000       4.0947
12319.000       4.1786
12321.000       4.1914
12323.000       4.2659
12336.000       4.2178
12338.000       4.1011
12340.000       4.0482
12355.000       4.0260
12357.000       3.9922
12359.000       3.9830
12362.000       4.1114
12364.000       4.2128
12366.000       4.3427
12372.000       4.3976
12374.000       4.3680
12376.000       4.4106
12394.000       4.3471
12396.000       4.2255
12398.000       4.1623
12414.000       4.2271
12416.000       4.2476
12418.000       4.3175
12438.000       4.4565
12440.000       4.5209
12442.000       4.6478
12453.000       4.6529
12455.000       4.5661
12457.000       4.5627
12469.000       4.5339
12471.000       4.4316
12473.000       4.3979
12488.000       4.4945
12490.000       4.5612
12492.000       4.6627
12499.000       4.7874
12501.000       4.8285
12503.000       4.9404
12511.000       4.9002
12513.000       4.7682
12515.000       4.7214
12526.000       4.7104
12528.000       4.6753
12530.000       4.6772
12543.000       4.8467
12545.000       4.9573
12547.000       5.1258
12550.000       5.1762
12552.000       5.0906
12554.000       5.1292
12569.000       5.2136
12571.000       5.3103
12573.000       5.4016
12581.000       5.3556
12583.000       5.4183
12593.000       5.4006
12595.000       5.4196
12597.000       5.4788
12599.000       5.5095
12609.000       5.4166
12611.000       5.3249
12613.000       5.2417
12616.000       5.2695
12618.000       5.3773
12620.000       5.4320
12627.000       5.3935
12629.000       5.3607
12631.000       5.3349
12648.000       5.4825
12650.000       5.5284
12652.000       5.6694
12665.000       5.6550
12667.000       5.4638
12669.000       5.4321
12672.000       5.5178
12674.000       5.4963
12676.000       5.6361
12684.000       5.5111
12686.000       5.3098
12688.000       5.2016
12695.000       5.1242
12697.000       5.1426
12699.000       5.0822
12707.000       4.8857
12709.000       4.8035
12711.000       4.6414
12726.000       4.5671
12728.000       4.6741
12730.000       4.6328
12743.000       4.5892
12745.000       4.6647
12747.000       4.6644
12762.000       4.6189
12764.000       4.6172
12766.000       4.6006
12777.000       4.4581
12779.000       4.3941
12781.000       4.2474
12801.000       4.2300
12803.000       4.3615
12805.000       4.3939
12820.000       4.2688
12822.000       4.2110
12824.000       4.0977
12834.000       3.9510
12836.000       3.8995
12838.000       3.7600
12850.000       3.7656
12852.000       3.8943
12854.000       3.9224
12871.000       4.0443
12873.000       4.1481
12875.000       4.2753
12892.000       4.2807
12894.000       4.3419
12896.000       4.3944
12906.000       4.5508
12908.000       4.6337
12910.000       4.8099
12921.000       4.9099
12923.000       5.0583
12925.000       5.2055
12931.000       5.3893
12933.000       5.5513
12935.000       5.7515
12945.000       5.7986
12947.000       5.9192
12949.000       5.9862
12952.000       5.8486
12954.000       5.7688
12956.000       5.6686
12966.000       5.5018
12968.000       5.4091
12970.000       5.2865
12988.000       5.1348
12990.000       5.0470
12992.000       4.9074
13009.000       4.8806
13011.000       4.7447
13013.000       4.7011
13025.000       4.5522
13027.000       4.5194
13037.000       4.3878
13039.000       4.2828
13041.000       4.1518
13043.000       4.0428
13063.000       3.9731
13065.000       4.0859
13067.000       4.0302
13073.000       4.0512
13075.000       3.9514
13077.000       3.9716
13092.000       3.9741
13094.000       4.0609
13096.000       4.1006
13111.000       4.1017
13113.000       4.0427
13115.000       4.0411
13127.000       4.0576
13129.000       4.1624
13131.000       4.1894
13139.000       4.2824
13141.000       4.2724
13143.000       4.3796
13158.000       4.5707
13160.000       4.5983
13162.000       4.7690
13173.000       4.8235
13175.000       4.9500
13185.000       5.0260
13187.000       5.0770
13189.000       5.1086
13191.000       5.1604
13194.000       5.0486
13196.000       4.9022
13198.000       4.7968
13208.000       4.7878
13210.000       4.7944
13212.000       4.8118
13225.000       4.9078
13227.000       4.9869
13229.000       5.1150
13237.000       5.1082
13239.000       5.0307
13241.000       5.0488
13248.000       4.9917
13250.000       4.8832
13252.000       4.8628
13264.000       4.9804
13266.000       5.0511
13268.000       5.2139
13288.000       5.3609
13290.000       5.3800
13292.000       5.5436
13299.000       5.5248
13301.000       5.5146
13303.000       5.5558
13306.000       5.5218
13308.000       5.6166
13318.000       5.6680
13320.000       5.4889
13322.000       5.3088
13324.000       5.1615
13340.000       5.0700
13342.000       5.0800
13344.000       5.0207
13347.000       5.0439
13349.000       5.1377
13351.000       5.1785
13364.000       5.0952
13366.000       5.0105
13368.000       4.9553
13383.000       4.8769
13385.000       4.8267
13387.000       4.7579
13403.000       4.8272
13405.000       4.7834
13407.000       4.8530
13427.000       4.8111
13429.000       4.9716
13439.000       4.9961
13441.000       4.7896
13443.000       4.6606
13445.000       4.4906
13453.000       4.3113
13455.000       4.2915
13457.000       4.1609
13467.000       4.2347
13469.000       4.3945
13471.000       4.4505
13487.000       4.4206
13489.000       4.3284
13491.000       4.3055
13503.000       4.3372
13505.000       4.3761
13507.000       4.4290
13523.000       4.5064
13525.000       4.5185
13527.000       4.6067
13530.000       4.7969
13532.000       4.9448
13534.000       5.1580
13547.000       5.3610
13549.000       5.2992
13551.000       5.5771
13558.000       5.3309
13560.000       5.3528
13562.000       5.2178
13565.000       5.1233
13567.000       4.8297
13569.000       4.8299
13575.000       4.5373
13577.000       4.3524
13579.000       4.2544
13582.000       4.1792
13584.000       4.1713
13586.000       4.1641
13596.000       4.1196
13598.000       4.1511
13600.000       4.1679
13610.000       3.9542
13612.000       3.8095
13614.000       3.6245
13634.000       3.5703
13636.000       3.6002
13638.000       3.5801
13644.000       3.7059
13646.000       3.8768
13648.000       4.0119
13666.000       3.9501
13668.000       3.8436
13670.000       3.7835
13673.000       3.6251
13675.000       3.5580
13677.000       3.4265
13690.000       3.4626
13692.000       3.5664
13694.000       3.6448
13711.000       3.8560
13713.000       3.8953
13715.000       4.0955
13725.000       4.1636
13727.000       4.0991
13729.000       4.1814
13740.000       4.1248
13742.000       4.0006
13744.000       3.9634
13747.000       3.9700
13749.000       3.9577
13751.000       4.0086
13757.000       4.1430
13759.000       4.1641
13761.000       4.3013
13772.000       4.3176
13774.000       4.2109
13776.000       4.2330
13791.000       4.1271
13793.000       4.0163
13795.000       3.8613
13807.000       3.7583
13809.000       3.7895
13811.000       3.7445
13819.000       3.8228
13821.000       3.9682
13823.000       4.0654
13830.000       4.0116
13832.000       3.9428
13834.000       3.8847
13846.000       3.7447
13848.000       3.6426
13850.000       3.5155
13865.000       3.5629
13867.000       3.6968
13869.000       3.7638
13877.000       3.8023
13879.000       3.8524
13881.000       3.8944
13893.000       3.7717
13895.000       3.6599
13897.000       3.5359
13909.000       3.4825
13911.000       3.4829
13913.000       3.4589
13933.000       3.5543
13935.000       3.6811
13937.000       3.7944
13955.000       3.7906
13957.000       3.7638
13959.000       3.7579
13970.000       3.6338
13972.000       3.5144
13974.000       3.3922
13981.000       3.4089
13983.000       3.4817
13985.000       3.5377
13996.000       3.6452
13998.000       3.7110
14000.000       3.8234
14007.000       3.7568
14009.000       3.6190
14011.000       3.5565
14018.000       3.5372
14020.000       3.5629
14022.000       3.5422
14030.000       3.4058
14032.000       3.3505
14034.000       3.2477
14041.000       3.1909
14043.000       3.1468
14045.000       3.0910
14060.000       2.9634
14062.000       2.9657
14064.000       2.8555
14077.000       2.7997
14079.000       2.8797
14081.000       2.8520
14084.000       2.9351
14086.000       2.9084
14088.000       2.9841
14104.000       2.9940
14106.000       3.1239
14108.000       3.1581
14121.000       3.2310
14123.000       3.1659
14125.000       3.2203
14140.000       3.2384
14142.000       3.3495
14144.000       3.3975
14154.000       3.4257
14156.000       3.3713
14158.000       3.3963
14171.000       3.3665
14173.000       3.4155
14175.000       3.3838
14182.000       3.3300
14184.000       3.2361
14186.000       3.1578
14201.000       3.2315
14203.000       3.3279
14205.000       3.4267
14208.000       3.5279
14210.000       3.6073
14212.000       3.7415
14215.000       3.7365
14217.000       3.7681
14219.000       3.8509
14222.000       3.7337
14224.000       3.7828
14226.000       3.7634
14236.000       3.6965
14238.000       3.6954
14240.000       3.6433
14243.000       3.5088
14245.000       3.4412
14247.000       3.3054
14254.000       3.2725
14256.000       3.3362
14258.000       3.3251
14261.000       3.3433
14263.000       3.4395
14265.000       3.4736
14278.000       3.3867
14280.000       3.3556
14282.000       3.2736
14285.000       3.1296
14287.000       3.0732
14289.000       2.9463
14299.000       2.9502
14301.000       3.0558
14303.000       3.0811
14318.000       3.0905
14320.000       3.1568
14322.000       3.1793
14337.000       3.0517
14339.000       2.9735
14341.000       2.8406
14356.000       2.7425
14358.000       2.7407
14360.000       2.6697
14367.000       2.7083
14369.000       2.8365
14371.000       2.8944
14389.000       2.8824
14391.000       2.8901
14393.000       2.8782
14408.000       2.7476
14410.000       2.6637
14412.000       2.5338
14432.000       2.4987
14434.000       2.5731
14436.000       2.5774
14447.000       2.6189
14449.000       2.6900
14451.000       2.7541
14462.000       2.6974
14464.000       2.6433
14466.000       2.6098
14483.000       2.4968
14485.000       2.3938
14495.000       2.2974
14497.000       2.2592
14499.000       2.2709
14501.000       2.2509
14509.000       2.3316
14511.000       2.4169
14513.000       2.5086
14533.000       2.4879
14535.000       2.4992
14537.000       2.4685
14552.000       2.5334
14554.000       2.4713
14556.000       2.5288
14569.000       2.5451
14571.000       2.6669
14573.000       2.7153
14583.000       2.8070
14585.000       2.8196
14587.000       2.9118
14597.000       2.9525
14599.000       3.0718
14601.000       3.1302
14617.000       3.1251
14619.000       3.0589
14621.000       3.0436
14628.000       3.0906
14630.000       3.1931
14632.000       3.2476
14644.000       3.2055
14646.000       3.1874
14648.000       3.1552
14661.000       3.2680
14663.000       3.2813
14673.000       3.4042
14675.000       3.4212
14677.000       3.5354
14679.000       3.5864
14686.000       3.7085
14688.000       3.7404
14698.000       3.8617
14700.000       3.9694
14702.000       3.9496
14704.000       4.0604
14722.000       4.1403
14724.000       4.0917
14726.000       4.1698
14738.000       4.2027
14740.000       4.1644
14742.000       4.1971
14749.000       4.2867
14751.000       4.3006
14753.000       4.3803
14761.000       4.3097
14763.000       4.1658
14765.000       4.0948
14775.000       3.9550
14777.000       3.9426
14779.000       3.8412
14791.000       3.7245
14793.000       3.7581
14795.000       3.6694
14807.000       3.5500
14809.000       3.5484
14811.000       3.4554
14822.000       3.3098
14824.000       3.2738
14834.000       3.1481
14836.000       3.0925
14838.000       3.1681
14840.000       3.1345
14857.000       3.0984
14859.000       3.1797
14861.000       3.1654
14871.000       3.0544
14873.000       3.0373
14875.000       2.9422
14881.000       2.8215
14883.000       2.8021
14885.000       2.6931
14895.000       2.6732
14897.000       2.7692
14899.000       2.7693
14914.000       2.7431
14916.000       2.7835
14918.000       2.7644
14925.000       2.6338
14927.000       2.5940
14929.000       2.4783
14941.000       2.3724
14943.000       2.3853
14945.000       2.3098
14958.000       2.2923
14960.000       2.3832
14962.000       2.3809
14975.000       2.3572
14977.000       2.4016
14979.000       2.4002
14994.000       2.2733
14996.000       2.1931
14998.000       2.0761
15010.000       1.9998
15012.000       2.0209
15014.000       1.9682
15025.000       2.0239
15027.000       2.1107
15029.000       2.1879
15039.000       2.2287
15041.000       2.2053
15043.000       2.2491
15053.000       2.1629
15055.000       2.2050
15057.000       2.1494
15065.000       2.1935
15067.000       2.2984
15069.000       2.3679
15080.000       2.4470
15082.000       2.4657
15084.000       2.5521
15094.000       2.6166
15096.000       2.7379
15098.000       2.8191
15115.000       2.8486
15117.000       2.8079
15119.000       2.8395
15126.000       2.9608
15128.000       3.0857
15130.000       3.2153
15145.000       3.2514
15147.000       3.3033
15149.000       3.3191
15157.000       3.4450
15159.000       3.4886
15161.000       3.6044
15171.000       3.6230
15173.000       3.5322
15175.000       3.5404
15186.000       3.5686
15188.000       3.5175
15190.000       3.5475
15196.000       3.6657
15198.000       3.6893
15200.000       3.8066
15215.000       3.9173
15217.000       3.9059
15219.000       4.0028
15236.000       4.0200
15238.000       3.9264
15240.000       3.9476
15248.000       4.0086
15250.000       3.9739
15252.000       4.0427
15267.000       4.1778
15269.000       4.2017
15271.000       4.3342
15278.000       4.4030
15280.000       4.3442
15282.000       4.4112
15298.000       4.4352
15300.000       4.3475
15302.000       4.3660
15322.000       4.3974
15324.000       4.3308
15326.000       4.3679
15336.000       4.4867
15338.000       4.4985
15340.000       4.6185
15355.000       4.7159
15357.000       4.6748
15359.000       4.7589
15377.000       4.8327
15379.000       4.7808
15381.000       4.8529
15396.000       4.8514
15398.000       4.9846
15400.000       5.0156
15410.000       4.9840
15412.000       4.9123
15414.000       4.8557
15424.000       4.7703
15426.000       4.6810
15436.000       4.6410
15438.000       4.6504
15440.000       4.6827
15442.000       4.7034
15452.000       4.6105
15454.000       4.6090
15456.000       4.5490
15473.000       4.5486
15475.000       4.6469
15477.000       4.6820
15480.000       4.6360
15482.000       4.6255
15484.000       4.5834
15492.000       4.4534
15494.000       4.3856
15496.000       4.2706
15511.000       4.2470
15513.000       4.3048
15515.000       4.2992
15525.000       4.3366
15527.000       4.4147
15529.000       4.4568
15542.000       4.3602
15544.000       4.2753
15546.000       4.1721
15561.000       4.0465
15563.000       4.0072
15565.000       3.8932
15577.000       3.9188
15579.000       4.0301
15581.000       4.0677
15588.000       4.0778
15590.000       4.1257
15592.000       4.1354
15598.000       3.9940
15600.000       3.8850
15602.000       3.7393
15612.000       3.6756
15614.000       3.6962
15616.000       3.6559
15629.000       3.7270
15631.000       3.8530
15633.000       3.9291
15640.000       3.8704
15642.000       3.8426
15644.000       3.7938
15647.000       3.6617
15649.000       3.5627
15651.000       3.4363
15663.000       3.4443
15665.000       3.5463
15667.000       3.5740
15677.000       3.6830
15679.000       3.7528
15681.000       3.8699
15691.000       3.8301
15693.000       3.7313
15695.000       3.6936
15702.000       3.6162
15704.000       3.5727
15706.000       3.5349
15721.000       3.6642
15723.000       3.7384
15725.000       3.8612
15745.000       3.9296
15747.000       3.9123
15749.000       3.9921
15765.000       3.9149
15767.000       3.9763
15777.000       3.9468
15779.000       3.9741
15781.000       3.9048
15783.000       3.9745
15786.000       3.9152
15788.000       3.9853
15790.000       4.0147
15803.000       3.8331
15805.000       3.7085
15807.000       3.5439
15822.000       3.4465
15824.000       3.3638
15826.000       3.2755
15836.000       3.2106
15838.000       3.1563
15840.000       3.1134
15846.000       3.0574
15848.000       2.9988
15850.000       2.9476
15858.000       2.8724
15860.000       2.8649
15862.000       2.8138
15877.000       2.6964
15879.000       2.6513
15881.000       2.5484
15901.000       2.5063
15903.000       2.5690
15905.000       2.5587
15923.000       2.5454
15925.000       2.5907
15927.000       2.5917
15942.000       2.4408
15944.000       2.3876
15946.000       2.2620
15952.000       2.1449
15954.000       2.1694
15956.000       2.1058
15968.000       2.1305
15970.000       2.2135
15972.000       2.2576
15982.000       2.2287
15984.000       2.2164
15986.000       2.2218
15999.000       2.0939
16001.000       1.9887
16003.000       1.8734
16015.000       1.7584
16017.000       1.7261
16027.000       1.6399
16029.000       1.5145
16031.000       1.5076
16033.000       1.4149
16049.000       1.4571
16051.000       1.4131
16061.000       1.4874
16063.000       1.5713
16065.000       1.5481
16067.000       1.6396
16087.000       1.7208
16089.000       1.7062
16091.000       1.7886
16106.000       1.8989
16108.000       1.9573
16110.000       2.0651
16123.000       2.1834
16125.000       2.1893
16127.000       2.3184
16143.000       2.3995
16145.000       2.4443
16147.000       2.5304
16163.000       2.6511
16165.000       2.6938
16167.000       2.8193
16180.000       2.9157
16182.000       3.0044
16192.000       3.1117
16194.000       3.2096
16196.000       3.3032
16198.000       3.4163
16201.000       3.5475
16203.000       3.6692
16205.000       3.8248
16221.000       3.9107
16223.000       4.0038
16225.000       4.1103
16231.000       4.2320
16233.000       4.3536
16243.000       4.3879
16245.000       4.3735
16247.000       4.3535
16249.000       4.3630
16264.000       4.5093
16266.000       4.5548
16268.000       4.6969
16278.000       4.6953
16280.000       4.8225
16282.000       4.8609
16289.000       4.9321
16291.000       4.9484
16293.000       5.0329
16313.000       5.1713
16315.000       5.2469
16317.000       5.4125
16320.000       5.4012
16322.000       5.4148
16324.000       5.5058
16331.000       5.4125
16333.000       5.4323
16335.000       5.4637
16348.000       5.5975
16350.000       5.6747
16352.000       5.8554
16365.000       5.7637
16367.000       5.5866
16369.000       5.4647
16386.000       5.4950
16388.000       5.4428
16390.000       5.4722
16410.000       5.4120
16412.000       5.4750
16414.000       5.4289
16420.000       5.2778
16422.000       5.1762
16424.000       5.0286
16439.000       5.0077
16441.000       4.9176
16443.000       4.8910
16453.000       4.7245
16455.000       4.6810
16457.000       4.5298
16469.000       4.4403
16471.000       4.4986
16481.000       4.4304
16483.000       4.3959
16485.000       4.4859
16487.000       4.4682
16498.000       4.3669
16500.000       4.3811
16502.000       4.2957
16517.000       4.1435
16519.000       4.1122
16521.000       3.9753
16531.000       3.9222
16533.000       4.0068
16535.000       3.9788
16548.000       3.9581
16550.000       4.0314
16552.000       4.0206
16565.000       3.8932
16567.000       3.8568
16569.000       3.7434
16582.000       3.6101
16584.000       3.6018
16586.000       3.4956
16602.000       3.4952
16604.000       3.5870
16606.000       3.6078
16614.000       3.5229
16616.000       3.4633
16618.000       3.4019
16625.000       3.4837
16627.000       3.6210
16629.000       3.7439
16647.000       3.7512
16649.000       3.6945
16651.000       3.7065
16661.000       3.5786
16663.000       3.4583
16665.000       3.3482
16678.000       3.3587
16680.000       3.3363
16682.000       3.3551
16695.000       3.2817
16697.000       3.2251
16699.000       3.1581
16705.000       3.1624
16707.000       3.1563
16709.000       3.1833
16715.000       3.0997
16717.000       3.0423
16719.000       2.9630
16726.000       2.9750
16728.000       2.9301
16730.000       2.9536
16738.000       2.8341
16740.000       2.8376
16750.000       2.7495
16752.000       2.7448
16754.000       2.8387
16756.000       2.8593
16776.000       2.8157
16778.000       2.8035
16780.000       2.7515
16793.000       2.6204
16795.000       2.5764
16797.000       2.4656
16800.000       2.4426
16802.000       2.3827
16804.000       2.3842
16824.000       2.3858
16826.000       2.4451
16828.000       2.4395
16845.000       2.3315
16847.000       2.2646
16849.000       2.1769
16864.000       2.2461
16866.000       2.3164
16868.000       2.3981
16878.000       2.5034
16880.000       2.6009
16882.000       2.7067
16894.000       2.7706
16896.000       2.8363
16898.000       2.9303
16904.000       3.0533
16906.000       3.1581
16908.000       3.2857
16914.000       3.3691
16916.000       3.4601
16918.000       3.5607
16933.000       3.7017
16935.000       3.7766
16937.000       3.9253
16953.000       4.0209
16955.000       4.1379
16957.000       4.2341
16977.000       4.4096
16979.000       4.5174
16981.000       4.6867
16984.000       4.7211
16986.000       4.9197
16988.000       5.0115
17008.000       4.9976
17010.000       4.8288
17012.000       4.7921
17025.000       4.7509
17027.000       4.7956
17029.000       4.7835
17036.000       4.5969
17038.000       4.5310
17040.000       4.3715
17053.000       4.3552
17055.000       4.4837
17057.000       4.5141
17075.000       4.5000
17077.000       4.5454
17079.000       4.5379
17090.000       4.3572
17092.000       4.2568
17094.000       4.0872
17106.000       3.9587
17108.000       3.9718
17110.000       3.8826
17118.000       3.8949
17120.000       4.0400
17122.000       4.0847
17133.000       4.0076
17135.000       4.0249
17137.000       3.9824
17150.000       3.8256
17152.000       3.7495
17154.000       3.6058
17167.000       3.5467
17169.000       3.6115
17171.000       3.5854
17186.000       3.6167
17188.000       3.7228
17190.000       3.7664
17200.000       3.6768
17202.000       3.6400
17204.000       3.5650
17216.000       3.4387
17218.000       3.3907
17220.000       3.2848
17233.000       3.2921
17235.000       3.3938
17237.000       3.4320
17247.000       3.4448
17249.000       3.4900
17251.000       3.5125
17269.000       3.3986
17271.000       3.2899
17273.000       3.1731
17283.000       3.0631
17285.000       3.0993
17287.000       3.0236
17294.000       2.9195
17296.000       2.9451
17298.000       2.8776
17305.000       2.7691
17307.000       2.7660
17309.000       2.6904
17326.000       2.5960
17328.000       2.6040
17330.000       2.5200
17346.000       2.4303
17348.000       2.3180
17350.000       2.2163
17362.000       2.2358
17364.000       2.2212
17366.000       2.2732
17377.000       2.1878
17379.000       2.0611
17381.000       1.9799
17401.000       1.9720
17403.000       2.0479
17405.000       2.0883
17420.000       2.2239
17422.000       2.2530
17432.000       2.3966
17434.000       2.5171
17436.000       2.4902
17438.000       2.6138
17448.000       2.5480
17450.000       2.5749
17452.000       2.5518
17462.000       2.6339
17464.000       2.7347
17466.000       2.8391
17478.000       2.8820
17480.000       2.9130
17482.000       2.9688
17500.000       3.0863
17502.000       3.1803
17504.000       3.3014
17514.000       3.3515
17516.000       3.4158
17518.000       3.4930
17524.000       3.6286
17526.000       3.7337
17528.000       3.8755
17540.000       3.9539
17542.000       4.0307
17544.000       4.1331
17551.000       4.2862
17553.000       4.4181
17555.000       4.5835
17563.000       4.6337
17565.000       4.5594
17567.000       4.6173
17582.000       4.5840
17584.000       4.6875
17594.000       4.6716
17596.000       4.6758
17598.000       4.6402
17608.000       4.6812
17610.000       4.8417
17612.000       4.8940
17614.000       5.0459
17634.000       5.1061
17636.000       5.2238
17638.000       5.3000
17641.000       5.2378
17643.000       5.1208
17645.000       5.0560
17660.000       5.0777
17662.000       5.0914
17664.000       5.1100
17682.000       4.9613
17684.000       4.8625
17686.000       4.7222
17699.000       4.6132
17701.000       4.4795
17703.000       4.3542
17710.000       4.2113
17712.000       4.1066
17714.000       3.9647
17720.000       3.8590
17722.000       3.7242
17724.000       3.6094
17734.000       3.4778
17736.000       3.4059
17738.000       3.2789
17754.000       3.1713
17756.000       3.0607
17758.000       2.9478
17773.000       2.8430
17775.000       2.7910
17777.000       2.7032
17780.000       2.5752
17782.000       2.4743
17784.000       2.3587
17794.000       2.3400
17796.000       2.3173
17798.000       2.3153
17805.000       2.2516
17807.000       2.2106
17809.000       2.1591
17819.000       2.2306
17821.000       2.3399
17823.000       2.4208
17829.000       2.4664
17831.000       2.4475
17833.000       2.4945
17848.000       2.4450
17850.000       2.3448
17852.000       2.3141
17865.000       2.4204
17867.000       2.5061
17869.000       2.6075
17880.000       2.6770
17882.000       2.6807
17884.000       2.7478
17899.000       2.6660
17901.000       2.5340
17903.000       2.4673
17919.000       2.4871
17921.000       2.4915
17923.000       2.5335
17941.000       2.6533
17943.000       2.7272
17945.000       2.8482
17965.000       2.8684
17967.000       2.8150
17969.000       2.8342
17984.000       2.7936
17986.000       2.6925
17988.000       2.6660
17995.000       2.7491
17997.000       2.7976
17999.000       2.9015
18010.000       3.0136
18012.000       3.0519
18014.000       3.1711
18027.000       3.1616
18029.000       3.0433
18031.000       3.0240
18047.000       3.0431
18049.000       2.9878
18051.000       3.0113
18061.000       3.1436
18063.000       3.2114
18065.000       3.3551
18071.000       3.4311
18073.000       3.3641
18075.000       3.4269
18088.000       3.3815
18090.000       3.2705
18092.000       3.2391
18108.000       3.2655
18110.000       3.2569
18112.000       3.3076
18132.000       3.4144
18134.000       3.4723
18136.000       3.6044
18156.000       3.6513
18158.000       3.5740
18160.000       3.6151
18178.000       3.6984
18180.000       3.6961
18182.000       3.7862
18188.000       3.7737
18190.000       3.8788
18192.000       3.9071
18208.000       3.8588
18210.000       3.7815
18212.000       3.7191
18227.000       3.8219
18229.000       3.9714
18231.000       4.0794
18244.000       4.0871
18246.000       4.0650
18248.000       4.0671
18268.000       3.9171
18270.000       3.7842
18272.000       3.6503
18289.000       3.6461
18291.000       3.6873
18293.000       3.7088
18303.000       3.8598
18305.000       3.9858
18307.000       4.1426
18310.000       4.1154
18312.000       3.9953
18314.000       3.9646
18325.000       3.8829
18327.000       3.8504
18329.000       3.8022
18332.000       3.6385
18334.000       3.5580
18336.000       3.4158
18349.000       3.4061
18351.000       3.3309
18353.000       3.3349
18361.000       3.2143
18363.000       3.2483
18365.000       3.1643
18376.000       2.9855
18378.000       2.9376
18380.000       2.7928
18393.000       2.7093
18395.000       2.7636
18397.000       2.7108
18408.000       2.6791
18410.000       2.7687
18412.000       2.7551
18428.000       2.6510
18430.000       2.6382
18432.000       2.5455
18442.000       2.4247
18444.000       2.4030
18446.000       2.2919
18457.000       2.2636
18459.000       2.3557
18461.000       2.3622
18467.000       2.3349
18469.000       2.3840
18471.000       2.3799
18482.000       2.2516
18484.000       2.2030
18486.000       2.0962
18493.000       1.9966
18495.000       2.0114
18497.000       1.9499
18507.000       1.9639
18509.000       2.0641
18511.000       2.1002
18524.000       2.0456
18526.000       2.0363
18528.000       1.9938
18538.000       1.8726
18540.000       1.8144
18542.000       1.7084
18550.000       1.6952
18552.000       1.7742
18554.000       1.7949
18569.000       1.8293
18571.000       1.8890
18573.000       1.9183
18585.000       1.8263
18587.000       1.7617
18589.000       1.6818
18596.000       1.6102
18598.000       1.5973
18600.000       1.5493
18611.000       1.6074
18613.000       1.6970
18615.000       1.7706
18632.000       1.7954
18634.000       1.7812
18636.000       1.8053
18649.000       1.7329
18651.000       1.6508
18653.000       1.5893
18666.000       1.6390
18668.000       1.6891
18670.000       1.7698
18687.000       1.9156
18689.000       1.9512
18691.000       2.1047
18704.000       2.3100
18706.000       2.3519
18708.000       2.7726
18716.000       3.1214
18718.000       3.5893
18720.000       4.1187
18726.000       4.5767
18728.000       4.5102
18730.000       5.0226
18740.000       5.0148
18742.000       5.5371
18744.000       5.8701
18750.000       6.2662
