Run semi-empirical minimization
 &qmmm
    qm_theory='AM1', grms_tol=0.0005,
 scfconv=1.d-10, ndiis_attempts=700,   qmcharge=0,
 /
  16     S      134.2030      113.0510      128.6530 
   9     F      126.9060      115.1420      138.0160 
   9    F1      127.4950      115.2420      135.9290 
   9    F2      126.2170      116.7820      136.7820 
   8     O      132.8160      112.5710      128.6930 
   8    O1      135.0350      112.8080      127.4690 
   8    O2      136.5350      114.4370      130.5010 
   8    O3      130.9420      119.6010      131.7330 
   7     N      134.1860      114.7590      128.9040 
   7    N1      128.6570      117.0350      138.8290 
   7    N2      129.5240      116.0280      138.0770 
   7    N3      130.7010      117.8640      133.1910 
   7    N4      130.1970      115.5010      131.7090 
   6     C      135.1050      112.4920      130.1320 
   6    C1      136.5360      113.0530      130.2060 
   6    C2      130.1670      114.0630      131.9920 
   6    C3      128.9280      116.0190      131.1900 
   6    C4      129.1760      120.1700      135.7460 
   6    C5      129.8380      119.7650      134.5700 
   6    C6      133.5480      116.9870      129.5320 
   6    C7      128.7440      119.2110      136.6850 
   6    C8      132.7570      117.8760      130.2780 
   6    C9      128.9940      113.6970      132.9130 
   6   C10      127.7600      115.6760      132.1210 
   6   C11      126.9560      113.3310      131.3050 
   6   C12      126.3610      113.5240      132.6820 
   6   C13      132.1560      115.1450      130.2670 
   6   C14      129.6290      117.4430      135.2800 
   6   C15      131.0460      118.4050      132.0170 
   6   C16      133.2810      115.6070      129.5530 
   6   C17      130.0600      118.3900      134.3330 
   6   C18      131.3310      116.0210      131.0240 
   6   C19      128.9650      117.8360      136.4560 
   6   C20      131.6910      117.4100      131.0790 
   6   C21      127.2410      115.9640      137.0200 
   6   C22      128.4800      116.7820      137.4090 
   6   C23      127.6750      114.1780      132.3290 
   1    H1      137.4770      114.7700      130.5420 
   1    H2      134.9730      115.2330      128.5100 
   1    H3      129.0460      117.9010      139.1420 
   1    H4      129.4130      115.0470      138.2390 
   1    H5      130.9450      116.8980      133.2760 
   1    H6      135.1540      111.4930      130.1180 
   1    H7      134.6030      112.7900      130.9440 
   1    H8      137.0390      112.5680      130.9220 
   1    H9      136.9880      112.9090      129.3260 
   1   H10      131.0240      113.8010      132.4370 
   1   H11      130.0720      113.5640      131.1310 
   1   H12      128.7560      115.6170      130.2910 
   1   H13      128.9940      117.0130      131.1030 
   1   H14      129.0120      121.1420      135.9150 
   1   H15      130.1490      120.4460      133.9070 
   1   H16      134.3060      117.3380      128.9820 
   1   H17      128.2780      119.5070      137.5190 
   1   H18      132.9520      118.8560      130.2410 
   1   H19      129.1330      114.1260      133.8060 
   1   H20      128.9610      112.7040      133.0220 
   1   H21      126.9070      116.0010      131.7130 
   1   H22      127.9000      116.1240      133.0040 
   1   H23      126.5290      113.7620      130.5100 
   1   H24      127.3290      112.4410      131.0410 
   1   H25      126.3400      112.7620      133.3290 
   1   H26      125.5400      114.0830      132.7980 
   1   H27      131.9320      114.1710      130.2400 
   1   H28      129.7980      116.4720      135.1140 

