#Res        AtomicFlx
   1.000       2.1102
   2.000       1.5820
   3.000       1.4550
   4.000       1.3953
   5.000       1.4694
   6.000       1.4863
   7.000       1.5044
   8.000       1.6268
   9.000       1.6718
  10.000       1.8270
  11.000       1.8816
  12.000       1.9784
  13.000       2.2670
  14.000       2.2766
  15.000       2.0934
  16.000       2.2638
  17.000       2.5292
  18.000       2.6336
  19.000       2.7976
  20.000       2.6242
  21.000       2.4691
  22.000       1.9914
  23.000       1.7841
  24.000       1.8147
  25.000       2.0349
  26.000       2.2034
  27.000       2.4855
  28.000       2.5137
  29.000       2.4187
  30.000       2.2058
  31.000       2.1466
  32.000       1.9989
  33.000       1.9846
  34.000       1.8465
  35.000       2.0023
  36.000       2.3360
  37.000       2.7850
  38.000       3.5326
  39.000       4.1908
  40.000       5.2128
  41.000       6.0912
  42.000       6.8124
  43.000       8.0263
  44.000       8.7501
  45.000       9.5700
  46.000       9.2534
  47.000       8.2839
  48.000       7.3581
  49.000       6.6464
  50.000       6.3776
  51.000       5.0033
  52.000       5.6228
  53.000       4.8261
  54.000       4.1332
  55.000       3.4857
  56.000       3.1828
  57.000       3.1419
  58.000       2.7729
  59.000       2.4686
  60.000       2.3509
  61.000       2.3410
  62.000       2.0873
  63.000       2.0526
  64.000       1.8837
  65.000       1.8745
  66.000       1.8162
  67.000       1.9023
  68.000       1.9196
  69.000       1.9334
  70.000       1.9153
  71.000       2.0185
  72.000       2.0446
  73.000       2.2722
  74.000       2.2413
  75.000       2.3007
  76.000       2.2472
  77.000       2.4311
  78.000       2.3557
  79.000       2.1054
  80.000       2.2304
  81.000       2.4195
  82.000       2.2672
  83.000       2.0698
  84.000       2.1881
  85.000       2.4751
  86.000       2.5279
  87.000       2.3973
  88.000       2.5858
  89.000       2.7442
  90.000       2.5582
  91.000       2.4888
  92.000       2.7520
  93.000       2.7438
  94.000       2.5382
  95.000       2.2515
  96.000       1.9534
  97.000       1.7582
  98.000       1.5174
  99.000       1.4152
 100.000       1.2031
 101.000       1.0821
 102.000       0.8527
 103.000       0.7861
 104.000       0.8500
 105.000       1.0132
 106.000       1.2245
 107.000       1.2074
 108.000       1.4079
 109.000       1.3383
 110.000       1.4660
 111.000       1.6375
 112.000       1.6988
 113.000       1.7928
 114.000       1.9157
 115.000       1.9726
 116.000       2.3117
 117.000       2.7861
 118.000       2.7186
 119.000       2.4186
 120.000       2.3688
 121.000       2.1279
 122.000       2.0306
 123.000       2.0901
 124.000       2.3791
 125.000       2.4725
 126.000       2.4346
 127.000       2.6390
 128.000       2.8747
 129.000       2.9102
 130.000       2.9249
 131.000       3.2222
 132.000       3.3560
 133.000       3.2704
 134.000       3.4351
 135.000       3.7906
 136.000       3.8340
 137.000       3.7785
 138.000       3.9755
 139.000       4.1479
 140.000       4.0334
 141.000       3.7868
 142.000       3.6789
 143.000       3.4604
 144.000       3.2562
 145.000       3.0544
 146.000       2.8423
 147.000       2.6336
 148.000       2.3958
 149.000       2.2063
 150.000       1.9399
 151.000       1.7322
 152.000       1.5431
 153.000       1.5701
 154.000       1.6131
 155.000       1.6213
 156.000       1.7601
 157.000       1.8799
 158.000       2.0726
 159.000       2.3052
 160.000       2.3731
 161.000       2.6678
 162.000       2.8271
 163.000       2.6593
 164.000       2.5778
 165.000       2.5171
 166.000       2.3412
 167.000       2.2633
 168.000       2.2476
 169.000       2.0864
 170.000       2.1465
 171.000       2.2346
 172.000       2.4603
 173.000       2.6374
 174.000       2.6679
 175.000       2.3739
 176.000       2.1030
 177.000       2.0192
 178.000       2.1804
 179.000       2.2717
 180.000       2.4841
 181.000       2.7103
 182.000       2.6385
 183.000       2.6998
 184.000       2.8622
 185.000       2.9740
 186.000       3.1908
 187.000       3.3057
 188.000       3.6084
 189.000       3.4931
 190.000       3.3381
 191.000       3.3202
 192.000       3.1285
 193.000       2.8455
 194.000       2.8180
 195.000       2.8936
 196.000       2.7279
 197.000       2.4835
 198.000       2.5117
 199.000       2.6147
 200.000       2.3485
 201.000       2.1256
 202.000       2.2920
 203.000       2.2810
 204.000       2.0047
 205.000       1.9390
 206.000       1.9031
 207.000       2.0510
 208.000       2.1224
 209.000       2.2562
 210.000       2.5266
 211.000       2.6043
 212.000       2.4596
 213.000       2.7096
 214.000       2.6151
 215.000       2.1183
 216.000       1.3668
 217.000       1.2765
 218.000       1.3133
 219.000       1.3032
 220.000       1.4988
 221.000       1.6827
 222.000       1.8842
 223.000       2.0941
 224.000       2.3171
 225.000       2.5755
 226.000       2.7309
 227.000       2.9995
 228.000       3.2121
 229.000       3.5144
 230.000       3.8375
 231.000       4.3297
 232.000       5.5032
 233.000       6.4993
 234.000       5.8242
 235.000       5.6453
 236.000       4.6863
 237.000       4.0178
 238.000       3.5882
 239.000       3.2986
 240.000       2.9761
 241.000       2.6785
 242.000       2.4170
 243.000       2.1354
 244.000       1.9817
 245.000       1.7224
 246.000       1.6143
 247.000       1.3720
 248.000       1.2526
 249.000       1.0012
 250.000       0.9209
 251.000       0.8084
 252.000       0.6891
 253.000       0.9493
 254.000       1.4274
 255.000       1.6717
 256.000       1.7458
 257.000       1.7412
 258.000       2.0018
 259.000       2.4160
 260.000       2.5194
 261.000       2.7666
 262.000       2.5783
 263.000       2.0317
 264.000       1.7191
 265.000       1.5514
 266.000       1.5439
 267.000       1.3772
 268.000       1.1524
 269.000       1.1554
 270.000       1.1535
 271.000       0.9064
 272.000       0.7445
 273.000       0.8358
 274.000       0.7980
 275.000       0.5761
 276.000       0.5553
 277.000       0.6558
 278.000       0.6014
 279.000       0.4789
 280.000       0.5831
 281.000       0.6902
 282.000       0.6828
 283.000       0.6993
 284.000       0.8286
 285.000       0.9678
 286.000       1.0739
 287.000       1.2025
 288.000       1.5788
 289.000       1.6703
 290.000       1.4045
 291.000       1.5452
 292.000       1.6742
 293.000       1.4904
 294.000       1.3697
 295.000       1.1772
 296.000       1.1220
 297.000       1.1690
 298.000       1.3220
 299.000       1.2004
 300.000       1.2034
 301.000       1.3899
 302.000       1.2636
 303.000       1.1690
 304.000       1.3883
 305.000       1.5163
 306.000       1.4160
 307.000       1.4633
 308.000       1.6217
 309.000       1.5839
 310.000       1.4750
 311.000       1.7608
 312.000       2.0231
 313.000       2.1004
 314.000       1.7706
 315.000       1.6796
 316.000       1.4725
 317.000       1.3837
 318.000       1.2362
 319.000       1.1928
 320.000       1.1053
 321.000       1.1180
 322.000       1.2011
 323.000       1.3102
 324.000       1.6249
 325.000       1.6167
 326.000       1.5653
 327.000       1.4211
 328.000       1.1902
 329.000       1.2980
 330.000       1.1756
 331.000       0.9419
 332.000       0.9947
 333.000       1.0725
 334.000       0.8710
 335.000       0.8093
 336.000       1.0246
 337.000       0.9887
 338.000       0.7984
 339.000       0.9876
 340.000       1.1533
 341.000       1.0120
 342.000       1.0073
 343.000       1.3778
 344.000       1.5951
 345.000       1.9284
 346.000       5.3330
 347.000       4.8128
 348.000       4.4760
 349.000       4.1546
 350.000       3.8403
 351.000       3.7242
 352.000       3.4338
 353.000       3.3648
 354.000       3.1306
 355.000       3.1117
 356.000       3.2904
 357.000       3.5107
 358.000       3.5503
 359.000       3.6696
 360.000       3.9665
 361.000       4.0707
 362.000       4.0528
 363.000       4.2670
 364.000       4.5395
 365.000       4.5743
 366.000       4.6330
 367.000       4.9788
 368.000       5.1964
 369.000       5.1452
 370.000       5.3620
 371.000       5.6853
 372.000       5.7773
 373.000       5.8598
 374.000       6.0353
 375.000       5.8485
 376.000       5.8207
 377.000       5.7135
 378.000       5.7715
 379.000       5.6418
 380.000       5.8635
 381.000       5.9501
 382.000       6.0656
 383.000       5.8623
 384.000       5.7298
 385.000       5.6477
 386.000       5.4521
 387.000       5.3037
 388.000       5.0697
 389.000       4.7894
 390.000       4.6560
 391.000       4.8016
 392.000       4.8507
 393.000       5.1124
 394.000       5.3056
 395.000       5.7109
 396.000       6.0230
 397.000       5.9282
 398.000       5.6358
 399.000       5.2173
 400.000       4.8094
 401.000       4.5283
 402.000       4.2008
 403.000       3.9595
 404.000       3.6296
 405.000       3.4953
 406.000       3.2033
 407.000       3.0460
 408.000       2.8703
 409.000       3.1689
 410.000       3.5167
 411.000       3.7783
 412.000       3.8653
 413.000       3.9346
 414.000       4.3126
 415.000       4.4825
 416.000       4.4666
 417.000       4.5780
 418.000       4.8566
 419.000       5.0506
 420.000       5.3415
 421.000       5.1265
 422.000       4.9307
 423.000       5.0582
 424.000       4.9100
 425.000       4.5728
 426.000       4.3838
 427.000       4.2303
 428.000       3.9355
 429.000       3.8165
 430.000       3.6905
 431.000       3.3759
 432.000       3.2368
 433.000       3.0386
 434.000       3.0636
 435.000       2.7603
 436.000       2.6075
 437.000       2.4437
 438.000       2.4128
 439.000       2.3757
 440.000       2.1417
 441.000       2.0339
 442.000       1.8645
 443.000       2.0200
 444.000       2.1957
 445.000       2.0520
 446.000       1.9362
 447.000       2.0318
 448.000       2.1443
 449.000       2.2044
 450.000       2.1803
 451.000       2.4061
 452.000       2.5433
 453.000       2.5193
 454.000       2.6809
 455.000       2.9405
 456.000       2.9942
 457.000       2.9981
 458.000       3.2120
 459.000       3.4198
 460.000       3.4136
 461.000       3.4882
 462.000       3.7494
 463.000       3.8872
 464.000       3.8647
 465.000       4.0445
 466.000       4.3177
 467.000       4.3808
 468.000       4.6058
 469.000       4.2892
 470.000       4.1187
 471.000       4.0808
 472.000       3.8043
 473.000       3.5899
 474.000       3.5691
 475.000       3.3219
 476.000       3.3094
 477.000       3.1082
 478.000       3.0695
 479.000       2.8470
 480.000       2.8264
 481.000       2.8180
 482.000       2.5101
 483.000       2.6460
 484.000       2.6954
 485.000       2.5814
 486.000       2.3005
 487.000       2.3901
 488.000       2.5265
 489.000       2.3271
 490.000       2.2489
 491.000       2.4992
 492.000       2.6018
 493.000       2.4392
 494.000       2.5558
 495.000       2.8371
 496.000       2.8224
 497.000       2.8401
 498.000       3.0037
 499.000       3.2478
 500.000       3.2206
 501.000       3.5068
 502.000       3.5405
 503.000       3.5321
 504.000       3.3840
 505.000       3.3992
 506.000       3.3224
 507.000       3.3981
 508.000       3.1981
 509.000       3.2534
 510.000       3.0666
 511.000       2.9843
 512.000       3.3361
 513.000       3.5091
 514.000       3.8815
 515.000       3.6985
 516.000       3.0516
 517.000       2.7723
 518.000       2.5806
 519.000       2.3421
 520.000       2.1724
 521.000       2.3506
 522.000       2.1929
 523.000       1.9167
 524.000       2.0508
 525.000       2.2362
 526.000       2.0720
 527.000       1.9364
 528.000       2.1771
 529.000       2.3258
 530.000       2.1830
 531.000       2.2226
 532.000       2.5268
 533.000       2.6353
 534.000       2.5694
 535.000       2.7813
 536.000       3.0491
 537.000       3.3713
 538.000       3.4605
 539.000       3.3819
 540.000       3.5059
 541.000       3.5344
 542.000       3.6799
 543.000       3.8775
 544.000       3.9228
 545.000       4.0337
 546.000       4.2128
 547.000       4.3765
 548.000       4.4957
 549.000       4.7072
 550.000       4.9639
 551.000       5.1479
 552.000       5.2763
 553.000       5.4761
 554.000       5.7256
 555.000       5.8005
 556.000       5.9315
 557.000       5.6022
 558.000       5.4460
 559.000       5.1005
 560.000       4.8940
 561.000       4.7594
 562.000       4.4301
 563.000       4.6509
 564.000       4.8125
 565.000       4.5119
 566.000       4.4249
 567.000       4.7357
 568.000       4.7434
 569.000       4.4538
 570.000       4.5735
 571.000       4.8721
 572.000       4.7350
 573.000       4.5572
 574.000       4.8052
 575.000       4.9943
 576.000       4.7981
 577.000       4.7827
 578.000       5.1170
 579.000       5.1438
 580.000       4.9932
 581.000       5.2737
 582.000       5.6242
 583.000       5.9343
 584.000       5.9304
 585.000       5.8501
 586.000       5.4264
 587.000       5.0366
 588.000       5.0328
 589.000       4.6365
 590.000       4.3123
 591.000       4.3310
 592.000       4.6739
 593.000       4.5404
 594.000       4.2247
 595.000       4.4467
 596.000       4.6542
 597.000       4.3757
 598.000       4.1863
 599.000       4.4254
 600.000       4.1304
 601.000       3.6225
 602.000       3.4483
 603.000       3.6231
 604.000       3.4527
 605.000       3.5706
 606.000       3.9912
 607.000       4.4239
 608.000       4.6380
 609.000       4.8904
 610.000       5.2616
 611.000       5.6674
 612.000       5.9344
 613.000       5.8616
 614.000       6.0928
 615.000       6.2293
 616.000       6.4307
 617.000       6.7478
 618.000       7.0330
 619.000       7.6459
 620.000       8.0030
 621.000       7.5431
 622.000       7.3949
 623.000       7.1719
 624.000       6.9037
 625.000       6.9399
 626.000       6.7458
 627.000       6.6720
 628.000       6.5417
 629.000       6.2308
 630.000       6.0207
 631.000       5.9761
 632.000       5.7851
 633.000       5.4972
 634.000       5.5796
 635.000       5.5134
 636.000       5.2646
 637.000       5.0427
 638.000       4.9577
 639.000       4.6268
 640.000       4.3178
 641.000       4.1930
 642.000       4.3006
 643.000       4.5712
 644.000       4.8664
 645.000       5.1822
 646.000       5.3225
 647.000       5.0895
 648.000       5.0082
 649.000       5.0689
 650.000       5.1108
 651.000       4.8899
 652.000       4.8707
 653.000       5.0875
 654.000       5.2233
 655.000       5.5020
 656.000       5.6117
 657.000       5.9469
 658.000       6.1859
 659.000       6.5698
 660.000       6.8670
 661.000       6.8320
 662.000       6.9619
 663.000       6.9061
 664.000       7.1139
 665.000       6.9961
 666.000       6.6804
 667.000       6.7387
 668.000       6.8496
 669.000       6.5941
 670.000       6.3945
 671.000       6.5801
 672.000       6.5839
 673.000       6.3940
 674.000       6.4990
 675.000       6.7917
 676.000       6.4826
 677.000       6.4083
 678.000       6.0249
 679.000       5.9289
 680.000       5.7458
 681.000       5.6276
 682.000       5.4610
 683.000       5.7408
 684.000       5.5968
 685.000       5.5551
 686.000       5.7861
 687.000       6.0347
 688.000       5.8500
 689.000       5.6666
 690.000       5.5999
 691.000       5.8266
 692.000       5.9080
 693.000       6.0760
 694.000       6.1334
 695.000       6.5262
 696.000       6.5627
 697.000       6.5204
 698.000       6.2103
 699.000       6.0107
 700.000       5.9480
 701.000       5.8492
 702.000       6.2437
 703.000       6.3446
 704.000       5.9507
 705.000       5.8369
 706.000       5.9582
 707.000       6.3107
 708.000       6.5413
 709.000       6.5993
 710.000       6.8191
 711.000       6.5320
 712.000       6.1338
 713.000       5.7584
 714.000       5.3913
 715.000       5.1393
 716.000       4.8956
 717.000       4.7422
 718.000       4.5267
 719.000       4.4783
 720.000       4.4110
 721.000       4.3138
 722.000       3.9351
 723.000       3.7187
 724.000       3.6794
 725.000       3.4852
 726.000       3.2096
 727.000       3.1614
 728.000       3.1468
 729.000       2.8210
 730.000       2.5717
 731.000       2.6595
 732.000       2.5628
 733.000       2.1928
 734.000       2.0932
 735.000       2.1496
 736.000       1.8250
 737.000       1.5437
 738.000       1.4929
 739.000       1.3842
 740.000       1.2391
 741.000       1.3927
 742.000       1.4414
 743.000       1.2337
 744.000       1.1954
 745.000       1.4108
 746.000       1.3498
 747.000       1.1388
 748.000       1.3229
 749.000       1.5019
 750.000       1.4217
 751.000       1.2107
 752.000       1.0120
 753.000       0.9491
 754.000       1.1299
 755.000       1.3022
 756.000       1.5045
 757.000       1.6707
 758.000       1.7622
 759.000       1.8884
 760.000       2.0311
 761.000       2.1764
 762.000       2.3915
 763.000       2.5600
 764.000       2.7033
 765.000       2.9096
 766.000       3.0892
 767.000       3.2825
 768.000       3.5047
 769.000       3.6627
 770.000       3.8725
 771.000       4.0667
 772.000       4.1777
 773.000       4.3746
 774.000       4.7701
 775.000       5.1899
 776.000       3.1866
 777.000       3.2936
 778.000       3.3487
 779.000       3.3805
 780.000       3.3956
 781.000       3.5513
 782.000       3.5583
 783.000       3.7273
 784.000       3.6968
 785.000       3.8875
 786.000       4.0973
 787.000       3.9604
 788.000       3.8351
 789.000       4.0802
 790.000       4.2233
 791.000       4.0606
 792.000       4.0269
 793.000       4.3122
 794.000       4.3749
 795.000       4.2060
 796.000       4.3357
 797.000       4.6027
 798.000       4.5549
 799.000       4.4408
 800.000       4.6647
 801.000       4.8865
 802.000       4.7352
 803.000       4.7301
 804.000       5.0797
 805.000       5.1416
 806.000       5.3534
 807.000       5.4131
 808.000       5.4689
 809.000       5.2811
 810.000       5.3997
 811.000       5.3910
 812.000       5.6129
 813.000       5.4709
 814.000       5.5451
 815.000       5.2170
 816.000       5.0424
 817.000       4.6776
 818.000       4.6343
 819.000       4.6501
 820.000       4.5617
 821.000       4.2960
 822.000       4.3425
 823.000       4.0931
 824.000       3.8132
 825.000       3.9506
 826.000       4.2302
 827.000       4.4245
 828.000       4.7766
 829.000       5.2093
 830.000       5.6926
 831.000       5.9181
 832.000       5.6528
 833.000       5.2838
 834.000       4.9504
 835.000       4.6702
 836.000       4.4031
 837.000       4.0610
 838.000       4.0574
 839.000       3.9649
 840.000       4.0863
 841.000       4.0469
 842.000       4.2088
 843.000       4.4004
 844.000       4.7233
 845.000       5.0141
 846.000       5.1060
 847.000       4.8328
 848.000       4.8357
 849.000       5.0657
 850.000       5.0241
 851.000       4.9075
 852.000       5.2004
 853.000       5.4774
 854.000       5.5299
 855.000       5.5925
 856.000       5.1869
 857.000       5.0499
 858.000       5.1372
 859.000       4.9509
 860.000       4.8052
 861.000       4.8141
 862.000       4.9219
 863.000       4.4966
 864.000       4.2324
 865.000       4.4204
 866.000       4.3239
 867.000       4.4340
 868.000       4.6343
 869.000       5.1435
 870.000       5.3970
 871.000       5.2377
 872.000       4.7374
 873.000       4.2668
 874.000       4.1527
 875.000       4.0942
 876.000       3.6755
 877.000       3.6272
 878.000       3.9426
 879.000       3.7556
 880.000       3.4863
 881.000       3.6826
 882.000       4.0432
 883.000       4.1332
 884.000       3.9792
 885.000       4.0323
 886.000       4.2559
 887.000       4.1914
 888.000       3.8859
 889.000       3.7858
 890.000       4.0126
 891.000       3.8619
 892.000       3.5773
 893.000       3.7513
 894.000       3.8402
 895.000       3.5647
 896.000       3.4979
 897.000       3.7514
 898.000       3.7209
 899.000       3.4425
 900.000       3.5510
 901.000       3.7609
 902.000       3.5735
 903.000       3.5068
 904.000       3.2676
 905.000       3.0712
 906.000       2.8784
 907.000       2.8884
 908.000       2.9593
 909.000       3.1685
 910.000       3.2060
 911.000       3.3887
 912.000       3.3777
 913.000       3.3785
 914.000       3.2099
 915.000       3.4223
 916.000       3.6905
 917.000       3.7834
 918.000       3.7494
 919.000       3.6200
 920.000       3.3450
 921.000       3.3349
 922.000       3.4336
 923.000       3.2583
 924.000       2.9943
 925.000       3.0748
 926.000       3.1307
 927.000       2.8586
 928.000       2.7081
 929.000       2.8693
 930.000       2.8413
 931.000       2.5705
 932.000       2.5889
 933.000       2.7126
 934.000       2.5865
 935.000       2.3209
 936.000       2.2837
 937.000       2.4683
 938.000       2.5003
 939.000       2.5128
 940.000       2.7264
 941.000       2.8907
 942.000       3.1071
 943.000       3.0641
 944.000       3.2142
 945.000       3.2027
 946.000       3.3643
 947.000       3.6062
 948.000       3.8511
 949.000       4.0448
 950.000       4.1514
 951.000       4.2134
 952.000       4.3287
 953.000       4.0768
 954.000       3.8417
 955.000       3.6643
 956.000       3.4437
 957.000       3.1768
 958.000       3.1355
 959.000       3.1356
 960.000       2.9391
 961.000       2.7269
 962.000       2.7610
 963.000       2.7302
 964.000       2.4875
 965.000       2.3321
 966.000       2.3743
 967.000       2.3607
 968.000       2.0951
 969.000       2.0052
 970.000       2.1723
 971.000       2.2057
 972.000       2.1838
 973.000       2.3673
 974.000       2.5406
 975.000       2.7985
 976.000       2.8661
 977.000       3.1789
 978.000       3.3530
 979.000       3.5676
 980.000       3.5463
 981.000       3.5738
 982.000       3.7984
 983.000       3.9726
 984.000       3.9591
 985.000       4.0600
 986.000       4.3071
 987.000       4.3941
 988.000       4.3691
 989.000       4.3918
 990.000       4.6050
 991.000       4.7512
 992.000       4.8259
 993.000       4.9942
 994.000       4.8496
 995.000       4.6587
 996.000       4.6664
 997.000       4.5710
 998.000       4.6545
 999.000       4.5579
1000.000       4.3055
1001.000       4.3131
1002.000       4.4108
1003.000       4.1705
1004.000       3.9433
1005.000       4.0570
1006.000       4.0872
1007.000       3.7729
1008.000       3.6932
1009.000       3.8826
1010.000       3.7701
1011.000       3.4854
1012.000       3.5982
1013.000       3.8142
1014.000       3.6831
1015.000       3.5896
1016.000       3.8376
1017.000       3.9383
1018.000       3.9663
1019.000       3.9301
1020.000       3.9465
1021.000       3.5738
1022.000       3.2876
1023.000       3.1115
1024.000       2.9427
1025.000       2.7956
1026.000       2.5730
1027.000       2.5583
1028.000       2.5437
1029.000       2.2713
1030.000       2.1370
1031.000       2.2322
1032.000       2.1794
1033.000       1.8796
1034.000       1.6321
1035.000       1.4624
1036.000       1.4865
1037.000       1.6315
1038.000       1.7931
1039.000       2.0627
1040.000       2.2965
1041.000       2.5368
1042.000       2.8035
1043.000       3.1031
1044.000       3.4161
1045.000       3.7946
1046.000       4.1095
1047.000       4.3707
1048.000       4.4057
1049.000       4.6441
1050.000       4.8692
1051.000       5.0455
1052.000       5.3479
1053.000       5.4428
1054.000       5.4944
1055.000       5.7599
1056.000       5.5192
1057.000       5.4424
1058.000       5.3982
1059.000       5.0764
1060.000       4.8482
1061.000       4.5572
1062.000       4.4446
1063.000       4.4427
1064.000       4.2791
1065.000       4.0090
1066.000       3.9826
1067.000       3.9843
1068.000       3.7431
1069.000       3.5346
1070.000       3.5733
1071.000       3.4504
1072.000       3.7009
1073.000       3.6617
1074.000       3.3921
1075.000       3.3250
1076.000       3.1841
1077.000       3.1470
1078.000       2.9960
1079.000       2.9072
1080.000       2.7805
1081.000       2.8379
1082.000       2.7293
1083.000       2.4992
1084.000       2.3842
1085.000       2.4074
1086.000       2.2311
1087.000       2.4012
1088.000       2.6879
1089.000       2.9345
1090.000       3.2650
1091.000       3.5682
1092.000       3.9007
1093.000       4.2541
1094.000       4.6352
1095.000       4.9733
1096.000       4.7926
1097.000       4.7290
1098.000       4.4251
1099.000       4.4984
1100.000       4.4836
1101.000       4.1091
1102.000       3.9193
1103.000       4.0439
1104.000       3.9485
1105.000       3.6401
1106.000       3.6049
1107.000       3.7220
1108.000       3.5528
1109.000       3.3261
1110.000       3.4220
1111.000       3.4683
1112.000       3.1814
1113.000       3.0186
1114.000       2.8682
1115.000       2.6884
1116.000       2.5226
1117.000       2.2599
1118.000       2.2271
1119.000       2.0073
1120.000       2.1163
1121.000       2.3818
1122.000       2.5475
1123.000       2.5863
1124.000       2.8142
1125.000       2.9854
1126.000       3.2726
1127.000       3.5074
1128.000       3.8480
1129.000       4.1437
1130.000       4.5384
1131.000       4.5855
1132.000       4.6788
1133.000       4.7168
1134.000       5.0090
1135.000       5.2523
1136.000       5.0867
1137.000       5.0562
1138.000       4.7395
1139.000       4.3552
1140.000       3.9836
1141.000       3.6101
1142.000       3.2917
1143.000       2.9563
1144.000       2.6951
1145.000       2.3954
1146.000       2.2959
1147.000       2.2007
1148.000       2.4054
1149.000       2.4615
1150.000       2.3590
1151.000       2.5921
1152.000       2.6972
1153.000       2.4981
1154.000       2.5559
1155.000       2.8100
1156.000       2.8143
1157.000       2.7020
1158.000       2.8986
1159.000       3.1242
1160.000       3.0371
1161.000       3.0444
1162.000       3.3262
1163.000       3.3894
1164.000       3.2590
1165.000       3.3226
1166.000       3.5705
1167.000       3.6263
1168.000       3.7491
1169.000       3.8814
1170.000       3.7745
1171.000       4.0420
1172.000       4.0190
1173.000       3.6983
1174.000       3.7485
1175.000       4.0763
1176.000       3.9501
1177.000       3.7683
1178.000       3.4651
1179.000       3.2953
1180.000       3.1388
1181.000       2.8198
1182.000       2.7202
1183.000       2.7272
1184.000       2.5415
1185.000       2.3239
1186.000       2.3512
1187.000       2.3409
1188.000       2.1041
1189.000       1.9770
1190.000       2.0697
1191.000       1.9712
1192.000       1.7433
1193.000       1.7982
1194.000       1.8785
1195.000       1.6886
1196.000       1.5853
1197.000       1.7513
1198.000       1.7736
1199.000       1.6276
1200.000       1.7861
1201.000       2.1130
1202.000       2.7278
1203.000       4.0683
1204.000       4.8314
1205.000       5.8725
